0.000000 0.221868
0.010000 0.222454
0.020000 0.223043
0.030000 0.223634
0.040000 0.224227
0.050000 0.224823
0.060000 0.225421
0.070000 0.226022
0.080000 0.226625
0.090000 0.227230
0.100000 0.227838
0.110000 0.228449
0.120000 0.229062
0.130000 0.229677
0.140000 0.230295
0.150000 0.230916
0.160000 0.231539
0.170000 0.232164
0.180000 0.232792
0.190000 0.233423
0.200000 0.234056
0.210000 0.234692
0.220000 0.235330
0.230000 0.235971
0.240000 0.236614
0.250000 0.237260
0.260000 0.237908
0.270000 0.238559
0.280000 0.239213
0.290000 0.239869
0.300000 0.240528
0.310000 0.241189
0.320000 0.241853
0.330000 0.242520
0.340000 0.243189
0.350000 0.243861
0.360000 0.244535
0.370000 0.245213
0.380000 0.245892
0.390000 0.246575
0.400000 0.247259
0.410000 0.247947
0.420000 0.248637
0.430000 0.249330
0.440000 0.250026
0.450000 0.250724
0.460000 0.251424
0.470000 0.252128
0.480000 0.252834
0.490000 0.253543
0.500000 0.254254
0.510000 0.254968
0.520000 0.255684
0.530000 0.256404
0.540000 0.257126
0.550000 0.257850
0.560000 0.258577
0.570000 0.259307
0.580000 0.260039
0.590000 0.260775
0.600000 0.261512
0.610000 0.262252
0.620000 0.262995
0.630000 0.263741
0.640000 0.264489
0.650000 0.265240
0.660000 0.265993
0.670000 0.266749
0.680000 0.267507
0.690000 0.268268
0.700000 0.269032
0.710000 0.269798
0.720000 0.270567
0.730000 0.271338
0.740000 0.272112
0.750000 0.272888
0.760000 0.273667
0.770000 0.274448
0.780000 0.275232
0.790000 0.276018
0.800000 0.276806
0.810000 0.277597
0.820000 0.278391
0.830000 0.279187
0.840000 0.279985
0.850000 0.280786
0.860000 0.281589
0.870000 0.282394
0.880000 0.283202
0.890000 0.284012
0.900000 0.284824
0.910000 0.285639
0.920000 0.286455
0.930000 0.287274
0.940000 0.288095
0.950000 0.288919
0.960000 0.289744
0.970000 0.290572
0.980000 0.291401
0.990000 0.292233
1.000000 0.293067
1.010000 0.293902
1.020000 0.294740
1.030000 0.295580
1.040000 0.296421
1.050000 0.297265
1.060000 0.298110
1.070000 0.298957
1.080000 0.299806
1.090000 0.300656
1.100000 0.301509
1.110000 0.302362
1.120000 0.303218
1.130000 0.304075
1.140000 0.304934
1.150000 0.305794
1.160000 0.306655
1.170000 0.307518
1.180000 0.308382
1.190000 0.309248
1.200000 0.310115
1.210000 0.310983
1.220000 0.311852
1.230000 0.312722
1.240000 0.313593
1.250000 0.314466
1.260000 0.315339
1.270000 0.316213
1.280000 0.317088
1.290000 0.317963
1.300000 0.318839
1.310000 0.319716
1.320000 0.320594
1.330000 0.321472
1.340000 0.322350
1.350000 0.323229
1.360000 0.324108
1.370000 0.324987
1.380000 0.325866
1.390000 0.326746
1.400000 0.327625
1.410000 0.328504
1.420000 0.329384
1.430000 0.330262
1.440000 0.331141
1.450000 0.332019
1.460000 0.332897
1.470000 0.333774
1.480000 0.334650
1.490000 0.335526
1.500000 0.336401
1.510000 0.337274
1.520000 0.338147
1.530000 0.339019
1.540000 0.339889
1.550000 0.340758
1.560000 0.341626
1.570000 0.342492
1.580000 0.343357
1.590000 0.344219
1.600000 0.345080
1.610000 0.345939
1.620000 0.346796
1.630000 0.347651
1.640000 0.348503
1.650000 0.349353
1.660000 0.350201
1.670000 0.351046
1.680000 0.351888
1.690000 0.352727
1.700000 0.353564
1.710000 0.354397
1.720000 0.355227
1.730000 0.356054
1.740000 0.356877
1.750000 0.357696
1.760000 0.358512
1.770000 0.359324
1.780000 0.360132
1.790000 0.360936
1.800000 0.361736
1.810000 0.362531
1.820000 0.363322
1.830000 0.364108
1.840000 0.364890
1.850000 0.365666
1.860000 0.366438
1.870000 0.367204
1.880000 0.367965
1.890000 0.368720
1.900000 0.369470
1.910000 0.370214
1.920000 0.370952
1.930000 0.371684
1.940000 0.372410
1.950000 0.373130
1.960000 0.373843
1.970000 0.374549
1.980000 0.375249
1.990000 0.375942
2.000000 0.376628
2.010000 0.377307
2.020000 0.377978
2.030000 0.378642
2.040000 0.379298
2.050000 0.379946
2.060000 0.380587
2.070000 0.381219
2.080000 0.381844
2.090000 0.382460
2.100000 0.383067
2.110000 0.383666
2.120000 0.384256
2.130000 0.384837
2.140000 0.385410
2.150000 0.385973
2.160000 0.386527
2.170000 0.387071
2.180000 0.387606
2.190000 0.388131
2.200000 0.388646
2.210000 0.389151
2.220000 0.389646
2.230000 0.390131
2.240000 0.390606
2.250000 0.391070
2.260000 0.391524
2.270000 0.391967
2.280000 0.392399
2.290000 0.392820
2.300000 0.393230
2.310000 0.393629
2.320000 0.394016
2.330000 0.394393
2.340000 0.394758
2.350000 0.395111
2.360000 0.395453
2.370000 0.395782
2.380000 0.396100
2.390000 0.396407
2.400000 0.396701
2.410000 0.396983
2.420000 0.397252
2.430000 0.397510
2.440000 0.397755
2.450000 0.397988
2.460000 0.398208
2.470000 0.398416
2.480000 0.398611
2.490000 0.398794
2.500000 0.398964
2.510000 0.399121
2.520000 0.399265
2.530000 0.399397
2.540000 0.399515
2.550000 0.399621
2.560000 0.399714
2.570000 0.399794
2.580000 0.399860
2.590000 0.399914
2.600000 0.399955
2.610000 0.399983
2.620000 0.399997
2.630000 0.399999
2.640000 0.399988
2.650000 0.399963
2.660000 0.399926
2.670000 0.399875
2.680000 0.399812
2.690000 0.399735
2.700000 0.399646
2.710000 0.399543
2.720000 0.399428
2.730000 0.399300
2.740000 0.399159
2.750000 0.399005
2.760000 0.398838
2.770000 0.398659
2.780000 0.398467
2.790000 0.398262
2.800000 0.398045
2.810000 0.397815
2.820000 0.397573
2.830000 0.397319
2.840000 0.397052
2.850000 0.396773
2.860000 0.396482
2.870000 0.396179
2.880000 0.395864
2.890000 0.395537
2.900000 0.395198
2.910000 0.394848
2.920000 0.394486
2.930000 0.394112
2.940000 0.393728
2.950000 0.393332
2.960000 0.392924
2.970000 0.392506
2.980000 0.392077
2.990000 0.391636
3.000000 0.391186
3.010000 0.390724
3.020000 0.390252
3.030000 0.389770
3.040000 0.389277
3.050000 0.388774
3.060000 0.388262
3.070000 0.387739
3.080000 0.387207
3.090000 0.386665
3.100000 0.386113
3.110000 0.385553
3.120000 0.384983
3.130000 0.384404
3.140000 0.383816
3.150000 0.383219
3.160000 0.382614
3.170000 0.382000
3.180000 0.381378
3.190000 0.380747
3.200000 0.380109
3.210000 0.379462
3.220000 0.378808
3.230000 0.378146
3.240000 0.377477
3.250000 0.376800
3.260000 0.376116
3.270000 0.375425
3.280000 0.374727
3.290000 0.374022
3.300000 0.373310
3.310000 0.372592
3.320000 0.371868
3.330000 0.371137
3.340000 0.370401
3.350000 0.369658
3.360000 0.368910
3.370000 0.368156
3.380000 0.367396
3.390000 0.366632
3.400000 0.365861
3.410000 0.365086
3.420000 0.364306
3.430000 0.363521
3.440000 0.362731
3.450000 0.361937
3.460000 0.361139
3.470000 0.360336
3.480000 0.359529
3.490000 0.358718
3.500000 0.357903
3.510000 0.357084
3.520000 0.356262
3.530000 0.355436
3.540000 0.354607
3.550000 0.353774
3.560000 0.352939
3.570000 0.352100
3.580000 0.351259
3.590000 0.350414
3.600000 0.349568
3.610000 0.348718
3.620000 0.347866
3.630000 0.347012
3.640000 0.346156
3.650000 0.345297
3.660000 0.344437
3.670000 0.343575
3.680000 0.342711
3.690000 0.341845
3.700000 0.340978
3.710000 0.340109
3.720000 0.339239
3.730000 0.338367
3.740000 0.337495
3.750000 0.336621
3.760000 0.335747
3.770000 0.334871
3.780000 0.333995
3.790000 0.333118
3.800000 0.332241
3.810000 0.331363
3.820000 0.330484
3.830000 0.329605
3.840000 0.328726
3.850000 0.327847
3.860000 0.326968
3.870000 0.326088
3.880000 0.325209
3.890000 0.324330
3.900000 0.323451
3.910000 0.322572
3.920000 0.321693
3.930000 0.320815
3.940000 0.319938
3.950000 0.319061
3.960000 0.318184
3.970000 0.317308
3.980000 0.316433
3.990000 0.315559
4.000000 0.314686
4.010000 0.313813
4.020000 0.312942
4.030000 0.312071
4.040000 0.311202
4.050000 0.310334
4.060000 0.309466
4.070000 0.308601
4.080000 0.307736
4.090000 0.306873
4.100000 0.306011
4.110000 0.305150
4.120000 0.304292
4.130000 0.303434
4.140000 0.302578
4.150000 0.301724
4.160000 0.300871
4.170000 0.300020
4.180000 0.299171
4.190000 0.298323
4.200000 0.297478
4.210000 0.296634
4.220000 0.295792
4.230000 0.294952
4.240000 0.294114
4.250000 0.293277
4.260000 0.292443
4.270000 0.291611
4.280000 0.290781
4.290000 0.289953
4.300000 0.289127
4.310000 0.288303
4.320000 0.287481
4.330000 0.286662
4.340000 0.285844
4.350000 0.285029
4.360000 0.284217
4.370000 0.283406
4.380000 0.282598
4.390000 0.281792
4.400000 0.280988
4.410000 0.280187
4.420000 0.279388
4.430000 0.278592
4.440000 0.277797
4.450000 0.277006
4.460000 0.276217
4.470000 0.275430
4.480000 0.274645
4.490000 0.273864
4.500000 0.273084
4.510000 0.272307
4.520000 0.271533
4.530000 0.270761
4.540000 0.269992
4.550000 0.269225
4.560000 0.268461
4.570000 0.267699
4.580000 0.266940
4.590000 0.266183
4.600000 0.265430
4.610000 0.264678
4.620000 0.263929
4.630000 0.263183
4.640000 0.262440
4.650000 0.261699
4.660000 0.260960
4.670000 0.260225
4.680000 0.259492
4.690000 0.258761
4.700000 0.258033
4.710000 0.257308
4.720000 0.256586
4.730000 0.255866
4.740000 0.255148
4.750000 0.254434
4.760000 0.253722
4.770000 0.253013
4.780000 0.252306
4.790000 0.251602
4.800000 0.250900
4.810000 0.250202
4.820000 0.249505
4.830000 0.248812
4.840000 0.248121
4.850000 0.247433
4.860000 0.246747
4.870000 0.246064
4.880000 0.245384
4.890000 0.244706
4.900000 0.244031
4.910000 0.243358
4.920000 0.242689
4.930000 0.242021
4.940000 0.241357
4.950000 0.240695
4.960000 0.240035
4.970000 0.239378
4.980000 0.238724
4.990000 0.238072
5.000000 0.237423
5.010000 0.236777
5.020000 0.236133
5.030000 0.235491
5.040000 0.234852
5.050000 0.234216
5.060000 0.233582
5.070000 0.232951
5.080000 0.232323
5.090000 0.231696
5.100000 0.231073
5.110000 0.230452
5.120000 0.229833
5.130000 0.229217
5.140000 0.228603
5.150000 0.227992
5.160000 0.227383
5.170000 0.226777
5.180000 0.226174
5.190000 0.225572
5.200000 0.224973
5.210000 0.224377
5.220000 0.223783
5.230000 0.223192
5.240000 0.222602
5.250000 0.222016
5.260000 0.221431
5.270000 0.220850
5.280000 0.220270
5.290000 0.219693
5.300000 0.219118
5.310000 0.218546
5.320000 0.217976
5.330000 0.217408
5.340000 0.216842
5.350000 0.216279
5.360000 0.215719
5.370000 0.215160
5.380000 0.214604
5.390000 0.214050
5.400000 0.213499
5.410000 0.212949
5.420000 0.212402
5.430000 0.211858
5.440000 0.211315
5.450000 0.210775
5.460000 0.210237
5.470000 0.209701
5.480000 0.209167
5.490000 0.208636
5.500000 0.208106
5.510000 0.207579
5.520000 0.207055
5.530000 0.206532
5.540000 0.206011
5.550000 0.205493
5.560000 0.204977
5.570000 0.204462
5.580000 0.203950
5.590000 0.203440
5.600000 0.202933
5.610000 0.202427
5.620000 0.201923
5.630000 0.201422
5.640000 0.200922
5.650000 0.200425
5.660000 0.199929
5.670000 0.199436
5.680000 0.198945
5.690000 0.198455
5.700000 0.197968
5.710000 0.197483
5.720000 0.196999
5.730000 0.196518
5.740000 0.196039
5.750000 0.195561
5.760000 0.195086
5.770000 0.194612
5.780000 0.194141
5.790000 0.193671
5.800000 0.193204
5.810000 0.192738
5.820000 0.192274
5.830000 0.191812
5.840000 0.191352
5.850000 0.190894
5.860000 0.190437
5.870000 0.189983
5.880000 0.189530
5.890000 0.189079
5.900000 0.188630
5.910000 0.188183
5.920000 0.187738
5.930000 0.187294
5.940000 0.186853
5.950000 0.186413
5.960000 0.185975
5.970000 0.185538
5.980000 0.185104
5.990000 0.184671
6.000000 0.184240
6.010000 0.183810
6.020000 0.183383
6.030000 0.182957
6.040000 0.182532
6.050000 0.182110
6.060000 0.181689
6.070000 0.181270
6.080000 0.180853
6.090000 0.180437
6.100000 0.180023
6.110000 0.179610
6.120000 0.179199
6.130000 0.178790
6.140000 0.178383
6.150000 0.177977
6.160000 0.177573
6.170000 0.177170
6.180000 0.176769
6.190000 0.176369
6.200000 0.175971
6.210000 0.175575
6.220000 0.175180
6.230000 0.174787
6.240000 0.174396
6.250000 0.174005
6.260000 0.173617
6.270000 0.173230
6.280000 0.172844
6.290000 0.172460
6.300000 0.172078
6.310000 0.171697
6.320000 0.171318
6.330000 0.170940
6.340000 0.170563
6.350000 0.170188
6.360000 0.169814
6.370000 0.169442
6.380000 0.169072
6.390000 0.168702
6.400000 0.168335
6.410000 0.167968
6.420000 0.167603
6.430000 0.167240
6.440000 0.166878
6.450000 0.166517
6.460000 0.166158
6.470000 0.165800
6.480000 0.165443
6.490000 0.165088
6.500000 0.164734
6.510000 0.164382
6.520000 0.164031
6.530000 0.163681
6.540000 0.163333
6.550000 0.162985
6.560000 0.162640
6.570000 0.162295
6.580000 0.161952
6.590000 0.161610
6.600000 0.161270
6.610000 0.160931
6.620000 0.160593
6.630000 0.160256
6.640000 0.159921
6.650000 0.159587
6.660000 0.159254
6.670000 0.158922
6.680000 0.158592
6.690000 0.158263
6.700000 0.157935
6.710000 0.157608
6.720000 0.157283
6.730000 0.156958
6.740000 0.156636
6.750000 0.156314
6.760000 0.155993
6.770000 0.155674
6.780000 0.155356
6.790000 0.155039
6.800000 0.154723
6.810000 0.154408
6.820000 0.154095
6.830000 0.153782
6.840000 0.153471
6.850000 0.153161
6.860000 0.152852
6.870000 0.152544
6.880000 0.152238
6.890000 0.151932
6.900000 0.151628
6.910000 0.151325
6.920000 0.151023
6.930000 0.150722
6.940000 0.150422
6.950000 0.150123
6.960000 0.149825
6.970000 0.149528
6.980000 0.149233
6.990000 0.148938
7.000000 0.148645
7.010000 0.148352
7.020000 0.148061
7.030000 0.147771
7.040000 0.147482
7.050000 0.147193
7.060000 0.146906
7.070000 0.146620
7.080000 0.146335
7.090000 0.146051
7.100000 0.145768
7.110000 0.145486
7.120000 0.145205
7.130000 0.144925
7.140000 0.144646
7.150000 0.144368
7.160000 0.144090
7.170000 0.143814
7.180000 0.143539
7.190000 0.143265
7.200000 0.142992
7.210000 0.142720
7.220000 0.142449
7.230000 0.142178
7.240000 0.141909
7.250000 0.141640
7.260000 0.141373
7.270000 0.141107
7.280000 0.140841
7.290000 0.140576
7.300000 0.140313
7.310000 0.140050
7.320000 0.139788
7.330000 0.139527
7.340000 0.139267
7.350000 0.139008
7.360000 0.138749
7.370000 0.138492
7.380000 0.138235
7.390000 0.137980
7.400000 0.137725
7.410000 0.137471
7.420000 0.137218
7.430000 0.136966
7.440000 0.136715
7.450000 0.136464
7.460000 0.136215
7.470000 0.135966
7.480000 0.135718
7.490000 0.135471
7.500000 0.135225
7.510000 0.134980
7.520000 0.134735
7.530000 0.134492
7.540000 0.134249
7.550000 0.134007
7.560000 0.133766
7.570000 0.133525
7.580000 0.133286
7.590000 0.133047
7.600000 0.132809
7.610000 0.132572
7.620000 0.132335
7.630000 0.132100
7.640000 0.131865
7.650000 0.131631
7.660000 0.131397
7.670000 0.131165
7.680000 0.130933
7.690000 0.130702
7.700000 0.130472
7.710000 0.130243
7.720000 0.130014
7.730000 0.129786
7.740000 0.129559
7.750000 0.129333
7.760000 0.129107
7.770000 0.128882
7.780000 0.128658
7.790000 0.128434
7.800000 0.128212
7.810000 0.127990
7.820000 0.127768
7.830000 0.127548
7.840000 0.127328
7.850000 0.127109
7.860000 0.126891
7.870000 0.126673
7.880000 0.126456
7.890000 0.126240
7.900000 0.126024
7.910000 0.125809
7.920000 0.125595
7.930000 0.125381
7.940000 0.125169
7.950000 0.124956
7.960000 0.124745
7.970000 0.124534
7.980000 0.124324
7.990000 0.124115
8.000000 0.123906
8.010000 0.123698
8.020000 0.123490
8.030000 0.123283
8.040000 0.123077
8.050000 0.122872
8.060000 0.122667
8.070000 0.122463
8.080000 0.122259
8.090000 0.122056
8.100000 0.121854
8.110000 0.121652
8.120000 0.121451
8.130000 0.121251
8.140000 0.121051
8.150000 0.120852
8.160000 0.120654
8.170000 0.120456
8.180000 0.120258
8.190000 0.120062
8.200000 0.119866
8.210000 0.119670
8.220000 0.119475
8.230000 0.119281
8.240000 0.119088
8.250000 0.118895
8.260000 0.118702
8.270000 0.118510
8.280000 0.118319
8.290000 0.118128
8.300000 0.117938
8.310000 0.117749
8.320000 0.117560
8.330000 0.117371
8.340000 0.117184
8.350000 0.116996
8.360000 0.116810
8.370000 0.116624
8.380000 0.116438
8.390000 0.116253
8.400000 0.116069
8.410000 0.115885
8.420000 0.115702
8.430000 0.115519
8.440000 0.115337
8.450000 0.115155
8.460000 0.114974
8.470000 0.114794
8.480000 0.114614
8.490000 0.114434
8.500000 0.114255
8.510000 0.114077
8.520000 0.113899
8.530000 0.113722
8.540000 0.113545
8.550000 0.113369
8.560000 0.113193
8.570000 0.113018
8.580000 0.112843
8.590000 0.112669
8.600000 0.112495
8.610000 0.112322
8.620000 0.112149
8.630000 0.111977
8.640000 0.111806
8.650000 0.111634
8.660000 0.111464
8.670000 0.111294
8.680000 0.111124
8.690000 0.110955
8.700000 0.110786
8.710000 0.110618
8.720000 0.110450
8.730000 0.110283
8.740000 0.110117
8.750000 0.109950
8.760000 0.109785
8.770000 0.109619
8.780000 0.109454
8.790000 0.109290
8.800000 0.109126
8.810000 0.108963
8.820000 0.108800
8.830000 0.108638
8.840000 0.108476
8.850000 0.108314
8.860000 0.108153
8.870000 0.107993
8.880000 0.107832
8.890000 0.107673
8.900000 0.107514
8.910000 0.107355
8.920000 0.107196
8.930000 0.107039
8.940000 0.106881
8.950000 0.106724
8.960000 0.106568
8.970000 0.106412
8.980000 0.106256
8.990000 0.106101
9.000000 0.105946
9.010000 0.105792
9.020000 0.105638
9.030000 0.105484
9.040000 0.105331
9.050000 0.105179
9.060000 0.105026
9.070000 0.104875
9.080000 0.104723
9.090000 0.104572
9.100000 0.104422
9.110000 0.104272
9.120000 0.104122
9.130000 0.103973
9.140000 0.103824
9.150000 0.103675
9.160000 0.103527
9.170000 0.103380
9.180000 0.103232
9.190000 0.103086
9.200000 0.102939
9.210000 0.102793
9.220000 0.102648
9.230000 0.102502
9.240000 0.102358
9.250000 0.102213
9.260000 0.102069
9.270000 0.101925
9.280000 0.101782
9.290000 0.101639
9.300000 0.101497
9.310000 0.101355
9.320000 0.101213
9.330000 0.101072
9.340000 0.100931
9.350000 0.100790
9.360000 0.100650
9.370000 0.100510
9.380000 0.100371
9.390000 0.100232
9.400000 0.100093
9.410000 0.099955
9.420000 0.099817
9.430000 0.099679
9.440000 0.099542
9.450000 0.099405
9.460000 0.099268
9.470000 0.099132
9.480000 0.098996
9.490000 0.098861
9.500000 0.098726
9.510000 0.098591
9.520000 0.098457
9.530000 0.098323
9.540000 0.098189
9.550000 0.098056
9.560000 0.097923
9.570000 0.097791
9.580000 0.097658
9.590000 0.097526
9.600000 0.097395
9.610000 0.097264
9.620000 0.097133
9.630000 0.097002
9.640000 0.096872
9.650000 0.096742
9.660000 0.096613
9.670000 0.096484
9.680000 0.096355
9.690000 0.096226
9.700000 0.096098
9.710000 0.095970
9.720000 0.095843
9.730000 0.095715
9.740000 0.095589
9.750000 0.095462
9.760000 0.095336
9.770000 0.095210
9.780000 0.095084
9.790000 0.094959
9.800000 0.094834
9.810000 0.094710
9.820000 0.094585
9.830000 0.094461
9.840000 0.094338
9.850000 0.094214
9.860000 0.094091
9.870000 0.093969
9.880000 0.093846
9.890000 0.093724
9.900000 0.093602
9.910000 0.093481
9.920000 0.093360
9.930000 0.093239
9.940000 0.093118
9.950000 0.092998
9.960000 0.092878
9.970000 0.092758
9.980000 0.092639
9.990000 0.092520
10.000000 0.092401
