-6.28318531 0.00000000
-6.27060636 0.01257762
-6.25802741 0.02514729
-6.24544846 0.03770103
-6.23286951 0.05023092
-6.22029056 0.06272902
-6.20771161 0.07518741
-6.19513266 0.08759822
-6.18255371 0.09995359
-6.16997476 0.11224570
-6.15739581 0.12446678
-6.14481686 0.13660908
-6.13223791 0.14866492
-6.11965896 0.16062667
-6.10708001 0.17248677
-6.09450106 0.18423770
-6.08192211 0.19587203
-6.06934316 0.20738239
-6.05676422 0.21876151
-6.04418527 0.23000217
-6.03160632 0.24109727
-6.01902737 0.25203978
-6.00644842 0.26282278
-5.99386947 0.27343944
-5.98129052 0.28388304
-5.96871157 0.29414698
-5.95613262 0.30422476
-5.94355367 0.31411000
-5.93097472 0.32379644
-5.91839577 0.33327796
-5.90581682 0.34254855
-5.89323787 0.35160234
-5.88065892 0.36043361
-5.86807997 0.36903677
-5.85550102 0.37740636
-5.84292207 0.38553711
-5.83034312 0.39342385
-5.81776417 0.40106160
-5.80518522 0.40844552
-5.79260627 0.41557094
-5.78002732 0.42243335
-5.76744838 0.42902842
-5.75486943 0.43535195
-5.74229048 0.44139996
-5.72971153 0.44716861
-5.71713258 0.45265425
-5.70455363 0.45785341
-5.69197468 0.46276281
-5.67939573 0.46737933
-5.66681678 0.47170005
-5.65423783 0.47572224
-5.64165888 0.47944335
-5.62907993 0.48286102
-5.61650098 0.48597310
-5.60392203 0.48877762
-5.59134308 0.49127279
-5.57876413 0.49345705
-5.56618518 0.49532900
-5.55360623 0.49688746
-5.54102728 0.49813146
-5.52844833 0.49906019
-5.51586938 0.49967307
-5.50329043 0.49996971
-5.49071148 0.49994994
-5.47813254 0.49961375
-5.46555359 0.49896136
-5.45297464 0.49799318
-5.44039569 0.49670984
-5.42781674 0.49511213
-5.41523779 0.49320107
-5.40265884 0.49097787
-5.39007989 0.48844394
-5.37750094 0.48560088
-5.36492199 0.48245048
-5.35234304 0.47899476
-5.33976409 0.47523588
-5.32718514 0.47117623
-5.31460619 0.46681838
-5.30202724 0.46216509
-5.28944829 0.45721930
-5.27686934 0.45198414
-5.26429039 0.44646293
-5.25171144 0.44065916
-5.23913249 0.43457650
-5.22655354 0.42821880
-5.21397459 0.42159009
-5.20139564 0.41469456
-5.18881670 0.40753657
-5.17623775 0.40012066
-5.16365880 0.39245152
-5.15107985 0.38453400
-5.13850090 0.37637312
-5.12592195 0.36797403
-5.11334300 0.35934206
-5.10076405 0.35048267
-5.08818510 0.34140146
-5.07560615 0.33210418
-5.06302720 0.32259672
-5.05044825 0.31288509
-5.03786930 0.30297544
-5.02529035 0.29287404
-5.01271140 0.28258728
-5.00013245 0.27212168
-4.98755350 0.26148386
-4.97497455 0.25068055
-4.96239560 0.23971858
-4.94981665 0.22860490
-4.93723770 0.21734654
-4.92465875 0.20595062
-4.91207980 0.19442436
-4.89950086 0.18277506
-4.88692191 0.17101007
-4.87434296 0.15913686
-4.86176401 0.14716293
-4.84918506 0.13509586
-4.83660611 0.12294329
-4.82402716 0.11071292
-4.81144821 0.09841247
-4.79886926 0.08604974
-4.78629031 0.07363255
-4.77371136 0.06116876
-4.76113241 0.04866626
-4.74855346 0.03613296
-4.73597451 0.02357678
-4.72339556 0.01100569
-4.71081661 -0.00157237
-4.69823766 -0.01414943
-4.68565871 -0.02671754
-4.67307976 -0.03926874
-4.66050081 -0.05179508
-4.64792186 -0.06428865
-4.63534291 -0.07674153
-4.62276396 -0.08914584
-4.61018502 -0.10149373
-4.59760607 -0.11377738
-4.58502712 -0.12598903
-4.57244817 -0.13812094
-4.55986922 -0.15016544
-4.54729027 -0.16211490
-4.53471132 -0.17396176
-4.52213237 -0.18569852
-4.50955342 -0.19731775
-4.49697447 -0.20881211
-4.48439552 -0.22017431
-4.47181657 -0.23139716
-4.45923762 -0.24247357
-4.44665867 -0.25339652
-4.43407972 -0.26415909
-4.42150077 -0.27475449
-4.40892182 -0.28517600
-4.39634287 -0.29541702
-4.38376392 -0.30547107
-4.37118497 -0.31533180
-4.35860602 -0.32499296
-4.34602707 -0.33444844
-4.33344812 -0.34369224
-4.32086918 -0.35271853
-4.30829023 -0.36152159
-4.29571128 -0.37009585
-4.28313233 -0.37843588
-4.27055338 -0.38653640
-4.25797443 -0.39439228
-4.24539548 -0.40199857
-4.23281653 -0.40935043
-4.22023758 -0.41644322
-4.20765863 -0.42327245
-4.19507968 -0.42983379
-4.18250073 -0.43612310
-4.16992178 -0.44213639
-4.15734283 -0.44786986
-4.14476388 -0.45331988
-4.13218493 -0.45848300
-4.11960598 -0.46335595
-4.10702703 -0.46793565
-4.09444808 -0.47221920
-4.08186913 -0.47620389
-4.06929018 -0.47988720
-4.05671123 -0.48326679
-4.04413228 -0.48634053
-4.03155334 -0.48910647
-4.01897439 -0.49156286
-4.00639544 -0.49370815
-3.99381649 -0.49554097
-3.98123754 -0.49706018
-3.96865859 -0.49826480
-3.95607964 -0.49915408
-3.94350069 -0.49972745
-3.93092174 -0.49998455
-3.91834279 -0.49992521
-3.90576384 -0.49954948
-3.89318489 -0.49885759
-3.88060594 -0.49784999
-3.86802699 -0.49652729
-3.85544804 -0.49489036
-3.84286909 -0.49294021
-3.83029014 -0.49067809
-3.81771119 -0.48810543
-3.80513224 -0.48522385
-3.79255329 -0.48203517
-3.77997434 -0.47854143
-3.76739539 -0.47474482
-3.75481644 -0.47064775
-3.74223750 -0.46625282
-3.72965855 -0.46156280
-3.71707960 -0.45658066
-3.70450065 -0.45130956
-3.69192170 -0.44575284
-3.67934275 -0.43991400
-3.66676380 -0.43379674
-3.65418485 -0.42740495
-3.64160590 -0.42074265
-3.62902695 -0.41381407
-3.61644800 -0.40662359
-3.60386905 -0.39917577
-3.59129010 -0.39147531
-3.57871115 -0.38352710
-3.56613220 -0.37533615
-3.55355325 -0.36690766
-3.54097430 -0.35824696
-3.52839535 -0.34935953
-3.51581640 -0.34025100
-3.50323745 -0.33092712
-3.49065850 -0.32139380
-3.47807955 -0.31165708
-3.46550060 -0.30172312
-3.45292166 -0.29159820
-3.44034271 -0.28128873
-3.42776376 -0.27080124
-3.41518481 -0.26014236
-3.40260586 -0.24931884
-3.39002691 -0.23833752
-3.37744796 -0.22720537
-3.36486901 -0.21592943
-3.35229006 -0.20451682
-3.33971111 -0.19297478
-3.32713216 -0.18131061
-3.31455321 -0.16953169
-3.30197426 -0.15764547
-3.28939531 -0.14565948
-3.27681636 -0.13358131
-3.26423741 -0.12141859
-3.25165846 -0.10917903
-3.23907951 -0.09687038
-3.22650056 -0.08450041
-3.21392161 -0.07207697
-3.20134266 -0.05960790
-3.18876371 -0.04710112
-3.17618476 -0.03456452
-3.16360582 -0.02200605
-3.15102687 -0.00943365
-3.13844792 0.00314472
-3.12586897 0.01572110
-3.11329002 0.02828752
-3.10071107 0.04083605
-3.08813212 0.05335873
-3.07555317 0.06584764
-3.06297422 0.07829488
-3.05039527 0.09069257
-3.03781632 0.10303286
-3.02523737 0.11530794
-3.01265842 0.12751004
-3.00007947 0.13963144
-2.98750052 0.15166447
-2.97492157 0.16360152
-2.96234262 0.17543503
-2.94976367 0.18715750
-2.93718472 0.19876153
-2.92460577 0.21023976
-2.91202682 0.22158493
-2.89944787 0.23278987
-2.88686892 0.24384747
-2.87428998 0.25475075
-2.86171103 0.26549280
-2.84913208 0.27606682
-2.83655313 0.28646613
-2.82397418 0.29668413
-2.81139523 0.30671437
-2.79881628 0.31655049
-2.78623733 0.32618627
-2.77365838 0.33561561
-2.76107943 0.34483254
-2.74850048 0.35383124
-2.73592153 0.36260600
-2.72334258 0.37115127
-2.71076363 0.37946165
-2.69818468 0.38753186
-2.68560573 0.39535682
-2.67302678 0.40293156
-2.66044783 0.41025129
-2.64786888 0.41731137
-2.63528993 0.42410735
-2.62271098 0.43063491
-2.61013203 0.43688993
-2.59755308 0.44286845
-2.58497414 0.44856669
-2.57239519 0.45398103
-2.55981624 0.45910805
-2.54723729 0.46394451
-2.53465834 0.46848735
-2.52207939 0.47273369
-2.50950044 0.47668084
-2.49692149 0.48032630
-2.48434254 0.48366777
-2.47176359 0.48670314
-2.45918464 0.48943048
-2.44660569 0.49184806
-2.43402674 0.49395436
-2.42144779 0.49574805
-2.40886884 0.49722798
-2.39628989 0.49839322
-2.38371094 0.49924304
-2.37113199 0.49977689
-2.35855304 0.49999444
-2.34597409 0.49989555
-2.33339514 0.49948028
-2.32081619 0.49874890
-2.30823724 0.49770187
-2.29565830 0.49633984
-2.28307935 0.49466369
-2.27050040 0.49267448
-2.25792145 0.49037346
-2.24534250 0.48776209
-2.23276355 0.48484202
-2.22018460 0.48161510
-2.20760565 0.47808337
-2.19502670 0.47424907
-2.18244775 0.47011462
-2.16986880 0.46568264
-2.15728985 0.46095594
-2.14471090 0.45593751
-2.13213195 0.45063052
-2.11955300 0.44503834
-2.10697405 0.43916449
-2.09439510 0.43301270
-2.08181615 0.42658687
-2.06923720 0.41989105
-2.05665825 0.41292949
-2.04407930 0.40570659
-2.03150035 0.39822693
-2.01892141 0.39049523
-2.00634246 0.38251640
-1.99376351 0.37429547
-1.98118456 0.36583766
-1.96860561 0.35714832
-1.95602666 0.34823294
-1.94344771 0.33909717
-1.93086876 0.32974679
-1.91828981 0.32018771
-1.90571086 0.31042600
-1.89313191 0.30046782
-1.88055296 0.29031947
-1.86797401 0.27998739
-1.85539506 0.26947811
-1.84281611 0.25879828
-1.83023716 0.24795466
-1.81765821 0.23695411
-1.80507926 0.22580360
-1.79250031 0.21451018
-1.77992136 0.20308100
-1.76734241 0.19152329
-1.75476346 0.17984436
-1.74218451 0.16805162
-1.72960557 0.15615252
-1.71702662 0.14415460
-1.70444767 0.13206543
-1.69186872 0.11989269
-1.67928977 0.10764407
-1.66671082 0.09532732
-1.65413187 0.08295024
-1.64155292 0.07052067
-1.62897397 0.05804646
-1.61639502 0.04553551
-1.60381607 0.03299575
-1.59123712 0.02043510
-1.57865817 0.00786152
-1.56607922 -0.00471704
-1.55350027 -0.01729261
-1.54092132 -0.02985723
-1.52834237 -0.04240296
-1.51576342 -0.05492186
-1.50318447 -0.06740599
-1.49060552 -0.07984746
-1.47802657 -0.09223840
-1.46544762 -0.10457097
-1.45286867 -0.11683735
-1.44028973 -0.12902978
-1.42771078 -0.14114056
-1.41513183 -0.15316201
-1.40255288 -0.16508653
-1.38997393 -0.17690656
-1.37739498 -0.18861463
-1.36481603 -0.20020333
-1.35223708 -0.21166533
-1.33965813 -0.22299336
-1.32707918 -0.23418027
-1.31450023 -0.24521896
-1.30192128 -0.25610246
-1.28934233 -0.26682388
-1.27676338 -0.27737643
-1.26418443 -0.28775343
-1.25160548 -0.29794831
-1.23902653 -0.30795463
-1.22644758 -0.31776604
-1.21386863 -0.32737635
-1.20128968 -0.33677946
-1.18871073 -0.34596943
-1.17613178 -0.35494045
-1.16355283 -0.36368682
-1.15097389 -0.37220302
-1.13839494 -0.38048366
-1.12581599 -0.38852350
-1.11323704 -0.39631745
-1.10065809 -0.40386057
-1.08807914 -0.41114809
-1.07550019 -0.41817540
-1.06292124 -0.42493806
-1.05034229 -0.43143178
-1.03776334 -0.43765245
-1.02518439 -0.44359614
-1.01260544 -0.44925908
-1.00002649 -0.45463769
-0.98744754 -0.45972857
-0.97486859 -0.46452849
-0.96228964 -0.46903441
-0.94971069 -0.47324349
-0.93713174 -0.47715307
-0.92455279 -0.48076066
-0.91197384 -0.48406398
-0.89939489 -0.48706094
-0.88681594 -0.48974965
-0.87423699 -0.49212840
-0.86165805 -0.49419570
-0.84907910 -0.49595022
-0.83650015 -0.49739086
-0.82392120 -0.49851671
-0.81134225 -0.49932706
-0.79876330 -0.49982138
-0.78618435 -0.49999938
-0.77360540 -0.49986094
-0.76102645 -0.49940614
-0.74844750 -0.49863527
-0.73586855 -0.49754882
-0.72328960 -0.49614748
-0.71071065 -0.49443214
-0.69813170 -0.49240388
-0.68555275 -0.49006398
-0.67297380 -0.48741392
-0.66039485 -0.48445539
-0.64781590 -0.48119025
-0.63523695 -0.47762058
-0.62265800 -0.47374862
-0.61007905 -0.46957684
-0.59750010 -0.46510787
-0.58492115 -0.46034453
-0.57234221 -0.45528985
-0.55976326 -0.44994703
-0.54718431 -0.44431943
-0.53460536 -0.43841064
-0.52202641 -0.43222438
-0.50944746 -0.42576457
-0.49686851 -0.41903530
-0.48428956 -0.41204083
-0.47171061 -0.40478558
-0.45913166 -0.39727415
-0.44655271 -0.38951129
-0.43397376 -0.38150192
-0.42139481 -0.37325109
-0.40881586 -0.36476405
-0.39623691 -0.35604614
-0.38365796 -0.34710290
-0.37107901 -0.33793999
-0.35850006 -0.32856319
-0.34592111 -0.31897846
-0.33334216 -0.30919184
-0.32076321 -0.29920954
-0.30818426 -0.28903788
-0.29560531 -0.27868329
-0.28302637 -0.26815232
-0.27044742 -0.25745165
-0.25786847 -0.24658803
-0.24528952 -0.23556835
-0.23271057 -0.22439959
-0.22013162 -0.21308881
-0.20755267 -0.20164316
-0.19497372 -0.19006990
-0.18239477 -0.17837634
-0.16981582 -0.16656990
-0.15723687 -0.15465803
-0.14465792 -0.14264828
-0.13207897 -0.13054826
-0.11950002 -0.11836561
-0.10692107 -0.10610804
-0.09434212 -0.09378333
-0.08176317 -0.08139926
-0.06918422 -0.06896367
-0.05660527 -0.05648444
-0.04402632 -0.04396945
-0.03144737 -0.03142665
-0.01886842 -0.01886395
-0.00628947 -0.00628931
0.00628947 0.00628931
0.01886842 0.01886395
0.03144737 0.03142665
0.04402632 0.04396945
0.05660527 0.05648444
0.06918422 0.06896367
0.08176317 0.08139926
0.09434212 0.09378333
0.10692107 0.10610804
0.11950002 0.11836561
0.13207897 0.13054826
0.14465792 0.14264828
0.15723687 0.15465803
0.16981582 0.16656990
0.18239477 0.17837634
0.19497372 0.19006990
0.20755267 0.20164316
0.22013162 0.21308881
0.23271057 0.22439959
0.24528952 0.23556835
0.25786847 0.24658803
0.27044742 0.25745165
0.28302637 0.26815232
0.29560531 0.27868329
0.30818426 0.28903788
0.32076321 0.29920954
0.33334216 0.30919184
0.34592111 0.31897846
0.35850006 0.32856319
0.37107901 0.33793999
0.38365796 0.34710290
0.39623691 0.35604614
0.40881586 0.36476405
0.42139481 0.37325109
0.43397376 0.38150192
0.44655271 0.38951129
0.45913166 0.39727415
0.47171061 0.40478558
0.48428956 0.41204083
0.49686851 0.41903530
0.50944746 0.42576457
0.52202641 0.43222438
0.53460536 0.43841064
0.54718431 0.44431943
0.55976326 0.44994703
0.57234221 0.45528985
0.58492115 0.46034453
0.59750010 0.46510787
0.61007905 0.46957684
0.62265800 0.47374862
0.63523695 0.47762058
0.64781590 0.48119025
0.66039485 0.48445539
0.67297380 0.48741392
0.68555275 0.49006398
0.69813170 0.49240388
0.71071065 0.49443214
0.72328960 0.49614748
0.73586855 0.49754882
0.74844750 0.49863527
0.76102645 0.49940614
0.77360540 0.49986094
0.78618435 0.49999938
0.79876330 0.49982138
0.81134225 0.49932706
0.82392120 0.49851671
0.83650015 0.49739086
0.84907910 0.49595022
0.86165805 0.49419570
0.87423699 0.49212840
0.88681594 0.48974965
0.89939489 0.48706094
0.91197384 0.48406398
0.92455279 0.48076066
0.93713174 0.47715307
0.94971069 0.47324349
0.96228964 0.46903441
0.97486859 0.46452849
0.98744754 0.45972857
1.00002649 0.45463769
1.01260544 0.44925908
1.02518439 0.44359614
1.03776334 0.43765245
1.05034229 0.43143178
1.06292124 0.42493806
1.07550019 0.41817540
1.08807914 0.41114809
1.10065809 0.40386057
1.11323704 0.39631745
1.12581599 0.38852350
1.13839494 0.38048366
1.15097389 0.37220302
1.16355283 0.36368682
1.17613178 0.35494045
1.18871073 0.34596943
1.20128968 0.33677946
1.21386863 0.32737635
1.22644758 0.31776604
1.23902653 0.30795463
1.25160548 0.29794831
1.26418443 0.28775343
1.27676338 0.27737643
1.28934233 0.26682388
1.30192128 0.25610246
1.31450023 0.24521896
1.32707918 0.23418027
1.33965813 0.22299336
1.35223708 0.21166533
1.36481603 0.20020333
1.37739498 0.18861463
1.38997393 0.17690656
1.40255288 0.16508653
1.41513183 0.15316201
1.42771078 0.14114056
1.44028973 0.12902978
1.45286867 0.11683735
1.46544762 0.10457097
1.47802657 0.09223840
1.49060552 0.07984746
1.50318447 0.06740599
1.51576342 0.05492186
1.52834237 0.04240296
1.54092132 0.02985723
1.55350027 0.01729261
1.56607922 0.00471704
1.57865817 -0.00786152
1.59123712 -0.02043510
1.60381607 -0.03299575
1.61639502 -0.04553551
1.62897397 -0.05804646
1.64155292 -0.07052067
1.65413187 -0.08295024
1.66671082 -0.09532732
1.67928977 -0.10764407
1.69186872 -0.11989269
1.70444767 -0.13206543
1.71702662 -0.14415460
1.72960557 -0.15615252
1.74218451 -0.16805162
1.75476346 -0.17984436
1.76734241 -0.19152329
1.77992136 -0.20308100
1.79250031 -0.21451018
1.80507926 -0.22580360
1.81765821 -0.23695411
1.83023716 -0.24795466
1.84281611 -0.25879828
1.85539506 -0.26947811
1.86797401 -0.27998739
1.88055296 -0.29031947
1.89313191 -0.30046782
1.90571086 -0.31042600
1.91828981 -0.32018771
1.93086876 -0.32974679
1.94344771 -0.33909717
1.95602666 -0.34823294
1.96860561 -0.35714832
1.98118456 -0.36583766
1.99376351 -0.37429547
2.00634246 -0.38251640
2.01892141 -0.39049523
2.03150035 -0.39822693
2.04407930 -0.40570659
2.05665825 -0.41292949
2.06923720 -0.41989105
2.08181615 -0.42658687
2.09439510 -0.43301270
2.10697405 -0.43916449
2.11955300 -0.44503834
2.13213195 -0.45063052
2.14471090 -0.45593751
2.15728985 -0.46095594
2.16986880 -0.46568264
2.18244775 -0.47011462
2.19502670 -0.47424907
2.20760565 -0.47808337
2.22018460 -0.48161510
2.23276355 -0.48484202
2.24534250 -0.48776209
2.25792145 -0.49037346
2.27050040 -0.49267448
2.28307935 -0.49466369
2.29565830 -0.49633984
2.30823724 -0.49770187
2.32081619 -0.49874890
2.33339514 -0.49948028
2.34597409 -0.49989555
2.35855304 -0.49999444
2.37113199 -0.49977689
2.38371094 -0.49924304
2.39628989 -0.49839322
2.40886884 -0.49722798
2.42144779 -0.49574805
2.43402674 -0.49395436
2.44660569 -0.49184806
2.45918464 -0.48943048
2.47176359 -0.48670314
2.48434254 -0.48366777
2.49692149 -0.48032630
2.50950044 -0.47668084
2.52207939 -0.47273369
2.53465834 -0.46848735
2.54723729 -0.46394451
2.55981624 -0.45910805
2.57239519 -0.45398103
2.58497414 -0.44856669
2.59755308 -0.44286845
2.61013203 -0.43688993
2.62271098 -0.43063491
2.63528993 -0.42410735
2.64786888 -0.41731137
2.66044783 -0.41025129
2.67302678 -0.40293156
2.68560573 -0.39535682
2.69818468 -0.38753186
2.71076363 -0.37946165
2.72334258 -0.37115127
2.73592153 -0.36260600
2.74850048 -0.35383124
2.76107943 -0.34483254
2.77365838 -0.33561561
2.78623733 -0.32618627
2.79881628 -0.31655049
2.81139523 -0.30671437
2.82397418 -0.29668413
2.83655313 -0.28646613
2.84913208 -0.27606682
2.86171103 -0.26549280
2.87428998 -0.25475075
2.88686892 -0.24384747
2.89944787 -0.23278987
2.91202682 -0.22158493
2.92460577 -0.21023976
2.93718472 -0.19876153
2.94976367 -0.18715750
2.96234262 -0.17543503
2.97492157 -0.16360152
2.98750052 -0.15166447
3.00007947 -0.13963144
3.01265842 -0.12751004
3.02523737 -0.11530794
3.03781632 -0.10303286
3.05039527 -0.09069257
3.06297422 -0.07829488
3.07555317 -0.06584764
3.08813212 -0.05335873
3.10071107 -0.04083605
3.11329002 -0.02828752
3.12586897 -0.01572110
3.13844792 -0.00314472
3.15102687 0.00943365
3.16360582 0.02200605
3.17618476 0.03456452
3.18876371 0.04710112
3.20134266 0.05960790
3.21392161 0.07207697
3.22650056 0.08450041
3.23907951 0.09687038
3.25165846 0.10917903
3.26423741 0.12141859
3.27681636 0.13358131
3.28939531 0.14565948
3.30197426 0.15764547
3.31455321 0.16953169
3.32713216 0.18131061
3.33971111 0.19297478
3.35229006 0.20451682
3.36486901 0.21592943
3.37744796 0.22720537
3.39002691 0.23833752
3.40260586 0.24931884
3.41518481 0.26014236
3.42776376 0.27080124
3.44034271 0.28128873
3.45292166 0.29159820
3.46550060 0.30172312
3.47807955 0.31165708
3.49065850 0.32139380
3.50323745 0.33092712
3.51581640 0.34025100
3.52839535 0.34935953
3.54097430 0.35824696
3.55355325 0.36690766
3.56613220 0.37533615
3.57871115 0.38352710
3.59129010 0.39147531
3.60386905 0.39917577
3.61644800 0.40662359
3.62902695 0.41381407
3.64160590 0.42074265
3.65418485 0.42740495
3.66676380 0.43379674
3.67934275 0.43991400
3.69192170 0.44575284
3.70450065 0.45130956
3.71707960 0.45658066
3.72965855 0.46156280
3.74223750 0.46625282
3.75481644 0.47064775
3.76739539 0.47474482
3.77997434 0.47854143
3.79255329 0.48203517
3.80513224 0.48522385
3.81771119 0.48810543
3.83029014 0.49067809
3.84286909 0.49294021
3.85544804 0.49489036
3.86802699 0.49652729
3.88060594 0.49784999
3.89318489 0.49885759
3.90576384 0.49954948
3.91834279 0.49992521
3.93092174 0.49998455
3.94350069 0.49972745
3.95607964 0.49915408
3.96865859 0.49826480
3.98123754 0.49706018
3.99381649 0.49554097
4.00639544 0.49370815
4.01897439 0.49156286
4.03155334 0.48910647
4.04413228 0.48634053
4.05671123 0.48326679
4.06929018 0.47988720
4.08186913 0.47620389
4.09444808 0.47221920
4.10702703 0.46793565
4.11960598 0.46335595
4.13218493 0.45848300
4.14476388 0.45331988
4.15734283 0.44786986
4.16992178 0.44213639
4.18250073 0.43612310
4.19507968 0.42983379
4.20765863 0.42327245
4.22023758 0.41644322
4.23281653 0.40935043
4.24539548 0.40199857
4.25797443 0.39439228
4.27055338 0.38653640
4.28313233 0.37843588
4.29571128 0.37009585
4.30829023 0.36152159
4.32086918 0.35271853
4.33344812 0.34369224
4.34602707 0.33444844
4.35860602 0.32499296
4.37118497 0.31533180
4.38376392 0.30547107
4.39634287 0.29541702
4.40892182 0.28517600
4.42150077 0.27475449
4.43407972 0.26415909
4.44665867 0.25339652
4.45923762 0.24247357
4.47181657 0.23139716
4.48439552 0.22017431
4.49697447 0.20881211
4.50955342 0.19731775
4.52213237 0.18569852
4.53471132 0.17396176
4.54729027 0.16211490
4.55986922 0.15016544
4.57244817 0.13812094
4.58502712 0.12598903
4.59760607 0.11377738
4.61018502 0.10149373
4.62276396 0.08914584
4.63534291 0.07674153
4.64792186 0.06428865
4.66050081 0.05179508
4.67307976 0.03926874
4.68565871 0.02671754
4.69823766 0.01414943
4.71081661 0.00157237
4.72339556 -0.01100569
4.73597451 -0.02357678
4.74855346 -0.03613296
4.76113241 -0.04866626
4.77371136 -0.06116876
4.78629031 -0.07363255
4.79886926 -0.08604974
4.81144821 -0.09841247
4.82402716 -0.11071292
4.83660611 -0.12294329
4.84918506 -0.13509586
4.86176401 -0.14716293
4.87434296 -0.15913686
4.88692191 -0.17101007
4.89950086 -0.18277506
4.91207980 -0.19442436
4.92465875 -0.20595062
4.93723770 -0.21734654
4.94981665 -0.22860490
4.96239560 -0.23971858
4.97497455 -0.25068055
4.98755350 -0.26148386
5.00013245 -0.27212168
5.01271140 -0.28258728
5.02529035 -0.29287404
5.03786930 -0.30297544
5.05044825 -0.31288509
5.06302720 -0.32259672
5.07560615 -0.33210418
5.08818510 -0.34140146
5.10076405 -0.35048267
5.11334300 -0.35934206
5.12592195 -0.36797403
5.13850090 -0.37637312
5.15107985 -0.38453400
5.16365880 -0.39245152
5.17623775 -0.40012066
5.18881670 -0.40753657
5.20139564 -0.41469456
5.21397459 -0.42159009
5.22655354 -0.42821880
5.23913249 -0.43457650
5.25171144 -0.44065916
5.26429039 -0.44646293
5.27686934 -0.45198414
5.28944829 -0.45721930
5.30202724 -0.46216509
5.31460619 -0.46681838
5.32718514 -0.47117623
5.33976409 -0.47523588
5.35234304 -0.47899476
5.36492199 -0.48245048
5.37750094 -0.48560088
5.39007989 -0.48844394
5.40265884 -0.49097787
5.41523779 -0.49320107
5.42781674 -0.49511213
5.44039569 -0.49670984
5.45297464 -0.49799318
5.46555359 -0.49896136
5.47813254 -0.49961375
5.49071148 -0.49994994
5.50329043 -0.49996971
5.51586938 -0.49967307
5.52844833 -0.49906019
5.54102728 -0.49813146
5.55360623 -0.49688746
5.56618518 -0.49532900
5.57876413 -0.49345705
5.59134308 -0.49127279
5.60392203 -0.48877762
5.61650098 -0.48597310
5.62907993 -0.48286102
5.64165888 -0.47944335
5.65423783 -0.47572224
5.66681678 -0.47170005
5.67939573 -0.46737933
5.69197468 -0.46276281
5.70455363 -0.45785341
5.71713258 -0.45265425
5.72971153 -0.44716861
5.74229048 -0.44139996
5.75486943 -0.43535195
5.76744838 -0.42902842
5.78002732 -0.42243335
5.79260627 -0.41557094
5.80518522 -0.40844552
5.81776417 -0.40106160
5.83034312 -0.39342385
5.84292207 -0.38553711
5.85550102 -0.37740636
5.86807997 -0.36903677
5.88065892 -0.36043361
5.89323787 -0.35160234
5.90581682 -0.34254855
5.91839577 -0.33327796
5.93097472 -0.32379644
5.94355367 -0.31411000
5.95613262 -0.30422476
5.96871157 -0.29414698
5.98129052 -0.28388304
5.99386947 -0.27343944
6.00644842 -0.26282278
6.01902737 -0.25203978
6.03160632 -0.24109727
6.04418527 -0.23000217
6.05676422 -0.21876151
6.06934316 -0.20738239
6.08192211 -0.19587203
6.09450106 -0.18423770
6.10708001 -0.17248677
6.11965896 -0.16062667
6.13223791 -0.14866492
6.14481686 -0.13660908
6.15739581 -0.12446678
6.16997476 -0.11224570
6.18255371 -0.09995359
6.19513266 -0.08759822
6.20771161 -0.07518741
6.22029056 -0.06272902
6.23286951 -0.05023092
6.24544846 -0.03770103
6.25802741 -0.02514729
6.27060636 -0.01257762
6.28318531 -0.00000000
