-10.000000 0.000000
-9.980000 0.000004
-9.960000 0.000016
-9.940000 0.000036
-9.920000 0.000064
-9.900000 0.000099
-9.880000 0.000141
-9.860000 0.000189
-9.840000 0.000243
-9.820000 0.000302
-9.800000 0.000364
-9.780000 0.000430
-9.760000 0.000498
-9.740000 0.000568
-9.720000 0.000637
-9.700000 0.000705
-9.680000 0.000771
-9.660000 0.000834
-9.640000 0.000893
-9.620000 0.000946
-9.600000 0.000994
-9.580000 0.001036
-9.560000 0.001070
-9.540000 0.001096
-9.520000 0.001114
-9.500000 0.001123
-9.480000 0.001123
-9.460000 0.001114
-9.440000 0.001097
-9.420000 0.001071
-9.400000 0.001037
-9.380000 0.000996
-9.360000 0.000947
-9.340000 0.000892
-9.320000 0.000832
-9.300000 0.000767
-9.280000 0.000698
-9.260000 0.000628
-9.240000 0.000556
-9.220000 0.000484
-9.200000 0.000414
-9.180000 0.000345
-9.160000 0.000280
-9.140000 0.000220
-9.120000 0.000165
-9.100000 0.000117
-9.080000 0.000076
-9.060000 0.000043
-9.040000 0.000019
-9.020000 0.000005
-9.000000 0.000000
-8.980000 0.000005
-8.960000 0.000020
-8.940000 0.000045
-8.920000 0.000079
-8.900000 0.000122
-8.880000 0.000174
-8.860000 0.000234
-8.840000 0.000301
-8.820000 0.000374
-8.800000 0.000452
-8.780000 0.000534
-8.760000 0.000619
-8.740000 0.000705
-8.720000 0.000791
-8.700000 0.000876
-8.680000 0.000959
-8.660000 0.001037
-8.640000 0.001111
-8.620000 0.001179
-8.600000 0.001239
-8.580000 0.001291
-8.560000 0.001334
-8.540000 0.001367
-8.520000 0.001390
-8.500000 0.001402
-8.480000 0.001403
-8.460000 0.001393
-8.440000 0.001372
-8.420000 0.001341
-8.400000 0.001299
-8.380000 0.001247
-8.360000 0.001187
-8.340000 0.001119
-8.320000 0.001043
-8.300000 0.000963
-8.280000 0.000877
-8.260000 0.000789
-8.240000 0.000699
-8.220000 0.000609
-8.200000 0.000521
-8.180000 0.000435
-8.160000 0.000353
-8.140000 0.000277
-8.120000 0.000208
-8.100000 0.000147
-8.080000 0.000096
-8.060000 0.000055
-8.040000 0.000025
-8.020000 0.000006
-8.000000 0.000000
-7.980000 0.000006
-7.960000 0.000025
-7.940000 0.000056
-7.920000 0.000100
-7.900000 0.000155
-7.880000 0.000221
-7.860000 0.000297
-7.840000 0.000383
-7.820000 0.000476
-7.800000 0.000575
-7.780000 0.000680
-7.760000 0.000788
-7.740000 0.000899
-7.720000 0.001009
-7.700000 0.001118
-7.680000 0.001225
-7.660000 0.001326
-7.640000 0.001421
-7.620000 0.001509
-7.600000 0.001587
-7.580000 0.001654
-7.560000 0.001711
-7.540000 0.001754
-7.520000 0.001785
-7.500000 0.001801
-7.480000 0.001804
-7.460000 0.001792
-7.440000 0.001766
-7.420000 0.001726
-7.400000 0.001674
-7.380000 0.001608
-7.360000 0.001531
-7.340000 0.001444
-7.320000 0.001348
-7.300000 0.001244
-7.280000 0.001135
-7.260000 0.001022
-7.240000 0.000906
-7.220000 0.000790
-7.200000 0.000675
-7.180000 0.000564
-7.160000 0.000459
-7.140000 0.000360
-7.120000 0.000271
-7.100000 0.000192
-7.080000 0.000125
-7.060000 0.000071
-7.040000 0.000032
-7.020000 0.000008
-7.000000 0.000000
-6.980000 0.000008
-6.960000 0.000033
-6.940000 0.000074
-6.920000 0.000131
-6.900000 0.000203
-6.880000 0.000290
-6.860000 0.000390
-6.840000 0.000503
-6.820000 0.000625
-6.800000 0.000757
-6.780000 0.000896
-6.760000 0.001039
-6.740000 0.001185
-6.720000 0.001332
-6.700000 0.001477
-6.680000 0.001619
-6.660000 0.001754
-6.640000 0.001881
-6.620000 0.001999
-6.600000 0.002104
-6.580000 0.002195
-6.560000 0.002272
-6.540000 0.002332
-6.520000 0.002374
-6.500000 0.002398
-6.480000 0.002403
-6.460000 0.002390
-6.440000 0.002357
-6.420000 0.002306
-6.400000 0.002237
-6.380000 0.002152
-6.360000 0.002051
-6.340000 0.001936
-6.320000 0.001808
-6.300000 0.001671
-6.280000 0.001525
-6.260000 0.001374
-6.240000 0.001219
-6.220000 0.001064
-6.200000 0.000911
-6.180000 0.000762
-6.160000 0.000620
-6.140000 0.000487
-6.120000 0.000367
-6.100000 0.000260
-6.080000 0.000170
-6.060000 0.000097
-6.040000 0.000044
-6.020000 0.000011
-6.000000 0.000000
-5.980000 0.000011
-5.960000 0.000045
-5.940000 0.000101
-5.920000 0.000179
-5.900000 0.000278
-5.880000 0.000397
-5.860000 0.000535
-5.840000 0.000689
-5.820000 0.000859
-5.800000 0.001041
-5.780000 0.001232
-5.760000 0.001431
-5.740000 0.001634
-5.720000 0.001839
-5.700000 0.002041
-5.680000 0.002239
-5.660000 0.002429
-5.640000 0.002608
-5.620000 0.002773
-5.600000 0.002922
-5.580000 0.003053
-5.560000 0.003162
-5.540000 0.003249
-5.520000 0.003312
-5.500000 0.003349
-5.480000 0.003361
-5.460000 0.003345
-5.440000 0.003304
-5.420000 0.003236
-5.400000 0.003143
-5.380000 0.003026
-5.360000 0.002887
-5.340000 0.002729
-5.320000 0.002552
-5.300000 0.002361
-5.280000 0.002158
-5.260000 0.001946
-5.240000 0.001729
-5.220000 0.001511
-5.200000 0.001295
-5.180000 0.001084
-5.160000 0.000883
-5.140000 0.000695
-5.120000 0.000524
-5.100000 0.000372
-5.080000 0.000243
-5.060000 0.000139
-5.040000 0.000063
-5.020000 0.000016
-5.000000 0.000000
-4.980000 0.000016
-4.960000 0.000065
-4.940000 0.000146
-4.920000 0.000259
-4.900000 0.000403
-4.880000 0.000577
-4.860000 0.000778
-4.840000 0.001004
-4.820000 0.001252
-4.800000 0.001519
-4.780000 0.001802
-4.760000 0.002096
-4.740000 0.002396
-4.720000 0.002700
-4.700000 0.003002
-4.680000 0.003298
-4.660000 0.003583
-4.640000 0.003853
-4.620000 0.004104
-4.600000 0.004331
-4.580000 0.004532
-4.560000 0.004702
-4.540000 0.004839
-4.520000 0.004940
-4.500000 0.005004
-4.480000 0.005028
-4.460000 0.005014
-4.440000 0.004959
-4.420000 0.004866
-4.400000 0.004734
-4.380000 0.004566
-4.360000 0.004364
-4.340000 0.004131
-4.320000 0.003870
-4.300000 0.003587
-4.280000 0.003284
-4.260000 0.002967
-4.240000 0.002641
-4.220000 0.002312
-4.200000 0.001984
-4.180000 0.001665
-4.160000 0.001359
-4.140000 0.001072
-4.120000 0.000809
-4.100000 0.000576
-4.080000 0.000376
-4.060000 0.000216
-4.040000 0.000098
-4.020000 0.000025
-4.000000 0.000000
-3.980000 0.000025
-3.960000 0.000101
-3.940000 0.000229
-3.920000 0.000408
-3.900000 0.000636
-3.880000 0.000912
-3.860000 0.001233
-3.840000 0.001595
-3.820000 0.001994
-3.800000 0.002424
-3.780000 0.002881
-3.760000 0.003358
-3.740000 0.003849
-3.720000 0.004347
-3.700000 0.004844
-3.680000 0.005334
-3.660000 0.005808
-3.640000 0.006261
-3.620000 0.006684
-3.600000 0.007071
-3.580000 0.007417
-3.560000 0.007714
-3.540000 0.007958
-3.520000 0.008145
-3.500000 0.008271
-3.480000 0.008333
-3.460000 0.008331
-3.440000 0.008262
-3.420000 0.008127
-3.400000 0.007928
-3.380000 0.007667
-3.360000 0.007348
-3.340000 0.006975
-3.320000 0.006553
-3.300000 0.006090
-3.280000 0.005591
-3.260000 0.005066
-3.240000 0.004523
-3.220000 0.003971
-3.200000 0.003419
-3.180000 0.002877
-3.160000 0.002355
-3.140000 0.001863
-3.120000 0.001411
-3.100000 0.001007
-3.080000 0.000661
-3.060000 0.000380
-3.040000 0.000172
-3.020000 0.000044
-3.000000 0.000000
-2.980000 0.000045
-2.960000 0.000182
-2.940000 0.000412
-2.920000 0.000735
-2.900000 0.001150
-2.880000 0.001655
-2.860000 0.002246
-2.840000 0.002916
-2.820000 0.003658
-2.800000 0.004465
-2.780000 0.005327
-2.760000 0.006233
-2.740000 0.007172
-2.720000 0.008131
-2.700000 0.009097
-2.680000 0.010057
-2.660000 0.010996
-2.640000 0.011902
-2.620000 0.012760
-2.600000 0.013557
-2.580000 0.014280
-2.560000 0.014918
-2.540000 0.015458
-2.520000 0.015892
-2.500000 0.016211
-2.480000 0.016409
-2.460000 0.016480
-2.440000 0.016421
-2.420000 0.016231
-2.400000 0.015911
-2.380000 0.015463
-2.360000 0.014894
-2.340000 0.014210
-2.320000 0.013420
-2.300000 0.012536
-2.280000 0.011572
-2.260000 0.010541
-2.240000 0.009463
-2.220000 0.008353
-2.200000 0.007233
-2.180000 0.006121
-2.160000 0.005040
-2.140000 0.004011
-2.120000 0.003055
-2.100000 0.002194
-2.080000 0.001448
-2.060000 0.000838
-2.040000 0.000382
-2.020000 0.000098
-2.000000 0.000000
-1.980000 0.000102
-1.960000 0.000414
-1.940000 0.000945
-1.920000 0.001700
-1.900000 0.002680
-1.880000 0.003885
-1.860000 0.005309
-1.840000 0.006946
-1.820000 0.008782
-1.800000 0.010804
-1.780000 0.012993
-1.760000 0.015328
-1.740000 0.017784
-1.720000 0.020333
-1.700000 0.022947
-1.680000 0.025592
-1.660000 0.028236
-1.640000 0.030842
-1.620000 0.033375
-1.600000 0.035799
-1.580000 0.038077
-1.560000 0.040172
-1.540000 0.042052
-1.520000 0.043681
-1.500000 0.045032
-1.480000 0.046075
-1.460000 0.046786
-1.440000 0.047147
-1.420000 0.047141
-1.400000 0.046758
-1.380000 0.045994
-1.360000 0.044849
-1.340000 0.043331
-1.320000 0.041455
-1.300000 0.039240
-1.280000 0.036715
-1.260000 0.033914
-1.240000 0.030879
-1.220000 0.027659
-1.200000 0.024309
-1.180000 0.020892
-1.160000 0.017476
-1.140000 0.014134
-1.120000 0.010946
-1.100000 0.007996
-1.080000 0.005372
-1.060000 0.003166
-1.040000 0.001472
-1.020000 0.000384
-1.000000 0.000000
-0.980000 0.000416
-0.960000 0.001727
-0.940000 0.004026
-0.920000 0.007404
-0.900000 0.011945
-0.880000 0.017731
-0.860000 0.024835
-0.840000 0.033327
-0.820000 0.043263
-0.800000 0.054696
-0.780000 0.067666
-0.760000 0.082202
-0.740000 0.098323
-0.720000 0.116037
-0.700000 0.135338
-0.680000 0.156209
-0.660000 0.178618
-0.640000 0.202522
-0.620000 0.227863
-0.600000 0.254572
-0.580000 0.282565
-0.560000 0.311746
-0.540000 0.342008
-0.520000 0.373231
-0.500000 0.405285
-0.480000 0.438028
-0.460000 0.471312
-0.440000 0.504977
-0.420000 0.538859
-0.400000 0.572787
-0.380000 0.606583
-0.360000 0.640068
-0.340000 0.673061
-0.320000 0.705379
-0.300000 0.736840
-0.280000 0.767263
-0.260000 0.796473
-0.240000 0.824298
-0.220000 0.850573
-0.200000 0.875140
-0.180000 0.897851
-0.160000 0.918566
-0.140000 0.937159
-0.120000 0.953515
-0.100000 0.967531
-0.080000 0.979121
-0.060000 0.988212
-0.040000 0.994747
-0.020000 0.998685
0.000000 1.000000
0.020000 0.998685
0.040000 0.994747
0.060000 0.988212
0.080000 0.979121
0.100000 0.967531
0.120000 0.953515
0.140000 0.937159
0.160000 0.918566
0.180000 0.897851
0.200000 0.875140
0.220000 0.850573
0.240000 0.824298
0.260000 0.796473
0.280000 0.767263
0.300000 0.736840
0.320000 0.705379
0.340000 0.673061
0.360000 0.640068
0.380000 0.606583
0.400000 0.572787
0.420000 0.538859
0.440000 0.504977
0.460000 0.471312
0.480000 0.438028
0.500000 0.405285
0.520000 0.373231
0.540000 0.342008
0.560000 0.311746
0.580000 0.282565
0.600000 0.254572
0.620000 0.227863
0.640000 0.202522
0.660000 0.178618
0.680000 0.156209
0.700000 0.135338
0.720000 0.116037
0.740000 0.098323
0.760000 0.082202
0.780000 0.067666
0.800000 0.054696
0.820000 0.043263
0.840000 0.033327
0.860000 0.024835
0.880000 0.017731
0.900000 0.011945
0.920000 0.007404
0.940000 0.004026
0.960000 0.001727
0.980000 0.000416
1.000000 0.000000
1.020000 0.000384
1.040000 0.001472
1.060000 0.003166
1.080000 0.005372
1.100000 0.007996
1.120000 0.010946
1.140000 0.014134
1.160000 0.017476
1.180000 0.020892
1.200000 0.024309
1.220000 0.027659
1.240000 0.030879
1.260000 0.033914
1.280000 0.036715
1.300000 0.039240
1.320000 0.041455
1.340000 0.043331
1.360000 0.044849
1.380000 0.045994
1.400000 0.046758
1.420000 0.047141
1.440000 0.047147
1.460000 0.046786
1.480000 0.046075
1.500000 0.045032
1.520000 0.043681
1.540000 0.042052
1.560000 0.040172
1.580000 0.038077
1.600000 0.035799
1.620000 0.033375
1.640000 0.030842
1.660000 0.028236
1.680000 0.025592
1.700000 0.022947
1.720000 0.020333
1.740000 0.017784
1.760000 0.015328
1.780000 0.012993
1.800000 0.010804
1.820000 0.008782
1.840000 0.006946
1.860000 0.005309
1.880000 0.003885
1.900000 0.002680
1.920000 0.001700
1.940000 0.000945
1.960000 0.000414
1.980000 0.000102
2.000000 0.000000
2.020000 0.000098
2.040000 0.000382
2.060000 0.000838
2.080000 0.001448
2.100000 0.002194
2.120000 0.003055
2.140000 0.004011
2.160000 0.005040
2.180000 0.006121
2.200000 0.007233
2.220000 0.008353
2.240000 0.009463
2.260000 0.010541
2.280000 0.011572
2.300000 0.012536
2.320000 0.013420
2.340000 0.014210
2.360000 0.014894
2.380000 0.015463
2.400000 0.015911
2.420000 0.016231
2.440000 0.016421
2.460000 0.016480
2.480000 0.016409
2.500000 0.016211
2.520000 0.015892
2.540000 0.015458
2.560000 0.014918
2.580000 0.014280
2.600000 0.013557
2.620000 0.012760
2.640000 0.011902
2.660000 0.010996
2.680000 0.010057
2.700000 0.009097
2.720000 0.008131
2.740000 0.007172
2.760000 0.006233
2.780000 0.005327
2.800000 0.004465
2.820000 0.003658
2.840000 0.002916
2.860000 0.002246
2.880000 0.001655
2.900000 0.001150
2.920000 0.000735
2.940000 0.000412
2.960000 0.000182
2.980000 0.000045
3.000000 0.000000
3.020000 0.000044
3.040000 0.000172
3.060000 0.000380
3.080000 0.000661
3.100000 0.001007
3.120000 0.001411
3.140000 0.001863
3.160000 0.002355
3.180000 0.002877
3.200000 0.003419
3.220000 0.003971
3.240000 0.004523
3.260000 0.005066
3.280000 0.005591
3.300000 0.006090
3.320000 0.006553
3.340000 0.006975
3.360000 0.007348
3.380000 0.007667
3.400000 0.007928
3.420000 0.008127
3.440000 0.008262
3.460000 0.008331
3.480000 0.008333
3.500000 0.008271
3.520000 0.008145
3.540000 0.007958
3.560000 0.007714
3.580000 0.007417
3.600000 0.007071
3.620000 0.006684
3.640000 0.006261
3.660000 0.005808
3.680000 0.005334
3.700000 0.004844
3.720000 0.004347
3.740000 0.003849
3.760000 0.003358
3.780000 0.002881
3.800000 0.002424
3.820000 0.001994
3.840000 0.001595
3.860000 0.001233
3.880000 0.000912
3.900000 0.000636
3.920000 0.000408
3.940000 0.000229
3.960000 0.000101
3.980000 0.000025
4.000000 0.000000
4.020000 0.000025
4.040000 0.000098
4.060000 0.000216
4.080000 0.000376
4.100000 0.000576
4.120000 0.000809
4.140000 0.001072
4.160000 0.001359
4.180000 0.001665
4.200000 0.001984
4.220000 0.002312
4.240000 0.002641
4.260000 0.002967
4.280000 0.003284
4.300000 0.003587
4.320000 0.003870
4.340000 0.004131
4.360000 0.004364
4.380000 0.004566
4.400000 0.004734
4.420000 0.004866
4.440000 0.004959
4.460000 0.005014
4.480000 0.005028
4.500000 0.005004
4.520000 0.004940
4.540000 0.004839
4.560000 0.004702
4.580000 0.004532
4.600000 0.004331
4.620000 0.004104
4.640000 0.003853
4.660000 0.003583
4.680000 0.003298
4.700000 0.003002
4.720000 0.002700
4.740000 0.002396
4.760000 0.002096
4.780000 0.001802
4.800000 0.001519
4.820000 0.001252
4.840000 0.001004
4.860000 0.000778
4.880000 0.000577
4.900000 0.000403
4.920000 0.000259
4.940000 0.000146
4.960000 0.000065
4.980000 0.000016
5.000000 0.000000
5.020000 0.000016
5.040000 0.000063
5.060000 0.000139
5.080000 0.000243
5.100000 0.000372
5.120000 0.000524
5.140000 0.000695
5.160000 0.000883
5.180000 0.001084
5.200000 0.001295
5.220000 0.001511
5.240000 0.001729
5.260000 0.001946
5.280000 0.002158
5.300000 0.002361
5.320000 0.002552
5.340000 0.002729
5.360000 0.002887
5.380000 0.003026
5.400000 0.003143
5.420000 0.003236
5.440000 0.003304
5.460000 0.003345
5.480000 0.003361
5.500000 0.003349
5.520000 0.003312
5.540000 0.003249
5.560000 0.003162
5.580000 0.003053
5.600000 0.002922
5.620000 0.002773
5.640000 0.002608
5.660000 0.002429
5.680000 0.002239
5.700000 0.002041
5.720000 0.001839
5.740000 0.001634
5.760000 0.001431
5.780000 0.001232
5.800000 0.001041
5.820000 0.000859
5.840000 0.000689
5.860000 0.000535
5.880000 0.000397
5.900000 0.000278
5.920000 0.000179
5.940000 0.000101
5.960000 0.000045
5.980000 0.000011
6.000000 0.000000
6.020000 0.000011
6.040000 0.000044
6.060000 0.000097
6.080000 0.000170
6.100000 0.000260
6.120000 0.000367
6.140000 0.000487
6.160000 0.000620
6.180000 0.000762
6.200000 0.000911
6.220000 0.001064
6.240000 0.001219
6.260000 0.001374
6.280000 0.001525
6.300000 0.001671
6.320000 0.001808
6.340000 0.001936
6.360000 0.002051
6.380000 0.002152
6.400000 0.002237
6.420000 0.002306
6.440000 0.002357
6.460000 0.002390
6.480000 0.002403
6.500000 0.002398
6.520000 0.002374
6.540000 0.002332
6.560000 0.002272
6.580000 0.002195
6.600000 0.002104
6.620000 0.001999
6.640000 0.001881
6.660000 0.001754
6.680000 0.001619
6.700000 0.001477
6.720000 0.001332
6.740000 0.001185
6.760000 0.001039
6.780000 0.000896
6.800000 0.000757
6.820000 0.000625
6.840000 0.000503
6.860000 0.000390
6.880000 0.000290
6.900000 0.000203
6.920000 0.000131
6.940000 0.000074
6.960000 0.000033
6.980000 0.000008
7.000000 0.000000
7.020000 0.000008
7.040000 0.000032
7.060000 0.000071
7.080000 0.000125
7.100000 0.000192
7.120000 0.000271
7.140000 0.000360
7.160000 0.000459
7.180000 0.000564
7.200000 0.000675
7.220000 0.000790
7.240000 0.000906
7.260000 0.001022
7.280000 0.001135
7.300000 0.001244
7.320000 0.001348
7.340000 0.001444
7.360000 0.001531
7.380000 0.001608
7.400000 0.001674
7.420000 0.001726
7.440000 0.001766
7.460000 0.001792
7.480000 0.001804
7.500000 0.001801
7.520000 0.001785
7.540000 0.001754
7.560000 0.001711
7.580000 0.001654
7.600000 0.001587
7.620000 0.001509
7.640000 0.001421
7.660000 0.001326
7.680000 0.001225
7.700000 0.001118
7.720000 0.001009
7.740000 0.000899
7.760000 0.000788
7.780000 0.000680
7.800000 0.000575
7.820000 0.000476
7.840000 0.000383
7.860000 0.000297
7.880000 0.000221
7.900000 0.000155
7.920000 0.000100
7.940000 0.000056
7.960000 0.000025
7.980000 0.000006
8.000000 0.000000
8.020000 0.000006
8.040000 0.000025
8.060000 0.000055
8.080000 0.000096
8.100000 0.000147
8.120000 0.000208
8.140000 0.000277
8.160000 0.000353
8.180000 0.000435
8.200000 0.000521
8.220000 0.000609
8.240000 0.000699
8.260000 0.000789
8.280000 0.000877
8.300000 0.000963
8.320000 0.001043
8.340000 0.001119
8.360000 0.001187
8.380000 0.001247
8.400000 0.001299
8.420000 0.001341
8.440000 0.001372
8.460000 0.001393
8.480000 0.001403
8.500000 0.001402
8.520000 0.001390
8.540000 0.001367
8.560000 0.001334
8.580000 0.001291
8.600000 0.001239
8.620000 0.001179
8.640000 0.001111
8.660000 0.001037
8.680000 0.000959
8.700000 0.000876
8.720000 0.000791
8.740000 0.000705
8.760000 0.000619
8.780000 0.000534
8.800000 0.000452
8.820000 0.000374
8.840000 0.000301
8.860000 0.000234
8.880000 0.000174
8.900000 0.000122
8.920000 0.000079
8.940000 0.000045
8.960000 0.000020
8.980000 0.000005
9.000000 0.000000
9.020000 0.000005
9.040000 0.000019
9.060000 0.000043
9.080000 0.000076
9.100000 0.000117
9.120000 0.000165
9.140000 0.000220
9.160000 0.000280
9.180000 0.000345
9.200000 0.000414
9.220000 0.000484
9.240000 0.000556
9.260000 0.000628
9.280000 0.000698
9.300000 0.000767
9.320000 0.000832
9.340000 0.000892
9.360000 0.000947
9.380000 0.000996
9.400000 0.001037
9.420000 0.001071
9.440000 0.001097
9.460000 0.001114
9.480000 0.001123
9.500000 0.001123
9.520000 0.001114
9.540000 0.001096
9.560000 0.001070
9.580000 0.001036
9.600000 0.000994
9.620000 0.000946
9.640000 0.000893
9.660000 0.000834
9.680000 0.000771
9.700000 0.000705
9.720000 0.000637
9.740000 0.000568
9.760000 0.000498
9.780000 0.000430
9.800000 0.000364
9.820000 0.000302
9.840000 0.000243
9.860000 0.000189
9.880000 0.000141
9.900000 0.000099
9.920000 0.000064
9.940000 0.000036
9.960000 0.000016
9.980000 0.000004
