t	y
1.000	3.000000
1.001	3.008998
1.002	3.017990
1.003	3.026978
1.004	3.035960
1.005	3.044938
1.006	3.053910
1.007	3.062878
1.008	3.071840
1.009	3.080798
1.010	3.089751
1.011	3.098699
1.012	3.107641
1.013	3.116579
1.014	3.125512
1.015	3.134440
1.016	3.143363
1.017	3.152282
1.018	3.161195
1.019	3.170103
1.020	3.179007
1.021	3.187905
1.022	3.196799
1.023	3.205688
1.024	3.214571
1.025	3.223450
1.026	3.232325
1.027	3.241194
1.028	3.250058
1.029	3.258918
1.030	3.267772
1.031	3.276622
1.032	3.285467
1.033	3.294307
1.034	3.303142
1.035	3.311973
1.036	3.320799
1.037	3.329619
1.038	3.338435
1.039	3.347246
1.040	3.356053
1.041	3.364854
1.042	3.373651
1.043	3.382443
1.044	3.391230
1.045	3.400013
1.046	3.408790
1.047	3.417563
1.048	3.426331
1.049	3.435094
1.050	3.443853
1.051	3.452607
1.052	3.461356
1.053	3.470100
1.054	3.478839
1.055	3.487574
1.056	3.496304
1.057	3.505030
1.058	3.513750
1.059	3.522466
1.060	3.531177
1.061	3.539884
1.062	3.548586
1.063	3.557283
1.064	3.565975
1.065	3.574663
1.066	3.583346
1.067	3.592024
1.068	3.600698
1.069	3.609367
1.070	3.618031
1.071	3.626691
1.072	3.635346
1.073	3.643996
1.074	3.652642
1.075	3.661283
1.076	3.669919
1.077	3.678551
1.078	3.687178
1.079	3.695800
1.080	3.704418
1.081	3.713032
1.082	3.721640
1.083	3.730244
1.084	3.738844
1.085	3.747439
1.086	3.756029
1.087	3.764615
1.088	3.773196
1.089	3.781772
1.090	3.790344
1.091	3.798911
1.092	3.807474
1.093	3.816032
1.094	3.824586
1.095	3.833135
1.096	3.841680
1.097	3.850220
1.098	3.858755
1.099	3.867286
1.100	3.875813
1.101	3.884335
1.102	3.892852
1.103	3.901365
1.104	3.909874
1.105	3.918377
1.106	3.926877
1.107	3.935372
1.108	3.943862
1.109	3.952348
1.110	3.960829
1.111	3.969306
1.112	3.977779
1.113	3.986247
1.114	3.994710
1.115	4.003169
1.116	4.011624
1.117	4.020074
1.118	4.028520
1.119	4.036961
1.120	4.045398
1.121	4.053830
1.122	4.062258
1.123	4.070682
1.124	4.079101
1.125	4.087515
1.126	4.095926
1.127	4.104332
1.128	4.112733
1.129	4.121130
1.130	4.129523
1.131	4.137911
1.132	4.146295
1.133	4.154675
1.134	4.163050
1.135	4.171420
1.136	4.179787
1.137	4.188149
1.138	4.196507
1.139	4.204860
1.140	4.213209
1.141	4.221553
1.142	4.229894
1.143	4.238230
1.144	4.246561
1.145	4.254889
1.146	4.263211
1.147	4.271530
1.148	4.279844
1.149	4.288154
1.150	4.296460
1.151	4.304762
1.152	4.313059
1.153	4.321351
1.154	4.329640
1.155	4.337924
1.156	4.346204
1.157	4.354480
1.158	4.362751
1.159	4.371018
1.160	4.379281
1.161	4.387540
1.162	4.395794
1.163	4.404044
1.164	4.412290
1.165	4.420531
1.166	4.428769
1.167	4.437002
1.168	4.445231
1.169	4.453455
1.170	4.461676
1.171	4.469892
1.172	4.478104
1.173	4.486312
1.174	4.494516
1.175	4.502715
1.176	4.510910
1.177	4.519101
1.178	4.527288
1.179	4.535471
1.180	4.543649
1.181	4.551823
1.182	4.559993
1.183	4.568159
1.184	4.576321
1.185	4.584479
1.186	4.592632
1.187	4.600781
1.188	4.608926
1.189	4.617067
1.190	4.625204
1.191	4.633337
1.192	4.641466
1.193	4.649590
1.194	4.657710
1.195	4.665827
1.196	4.673939
1.197	4.682047
1.198	4.690151
1.199	4.698251
1.200	4.706346
1.201	4.714438
1.202	4.722525
1.203	4.730609
1.204	4.738688
1.205	4.746763
1.206	4.754835
1.207	4.762902
1.208	4.770965
1.209	4.779024
1.210	4.787079
1.211	4.795130
1.212	4.803177
1.213	4.811219
1.214	4.819258
1.215	4.827293
1.216	4.835323
1.217	4.843350
1.218	4.851373
1.219	4.859391
1.220	4.867406
1.221	4.875417
1.222	4.883423
1.223	4.891426
1.224	4.899424
1.225	4.907419
1.226	4.915409
1.227	4.923396
1.228	4.931379
1.229	4.939357
1.230	4.947332
1.231	4.955303
1.232	4.963269
1.233	4.971232
1.234	4.979191
1.235	4.987146
1.236	4.995097
1.237	5.003044
1.238	5.010987
1.239	5.018926
1.240	5.026861
1.241	5.034792
1.242	5.042719
1.243	5.050642
1.244	5.058562
1.245	5.066477
1.246	5.074389
1.247	5.082297
1.248	5.090200
1.249	5.098100
1.250	5.105996
1.251	5.113888
1.252	5.121776
1.253	5.129661
1.254	5.137541
1.255	5.145418
1.256	5.153290
1.257	5.161159
1.258	5.169024
1.259	5.176885
1.260	5.184742
1.261	5.192595
1.262	5.200445
1.263	5.208291
1.264	5.216132
1.265	5.223970
1.266	5.231804
1.267	5.239635
1.268	5.247461
1.269	5.255284
1.270	5.263103
1.271	5.270918
1.272	5.278729
1.273	5.286536
1.274	5.294340
1.275	5.302139
1.276	5.309935
1.277	5.317728
1.278	5.325516
1.279	5.333300
1.280	5.341081
1.281	5.348858
1.282	5.356632
1.283	5.364401
1.284	5.372167
1.285	5.379929
1.286	5.387687
1.287	5.395441
1.288	5.403192
1.289	5.410939
1.290	5.418682
1.291	5.426422
1.292	5.434157
1.293	5.441889
1.294	5.449618
1.295	5.457342
1.296	5.465063
1.297	5.472780
1.298	5.480493
1.299	5.488203
1.300	5.495909
1.301	5.503611
1.302	5.511310
1.303	5.519005
1.304	5.526696
1.305	5.534383
1.306	5.542067
1.307	5.549747
1.308	5.557423
1.309	5.565096
1.310	5.572765
1.311	5.580431
1.312	5.588092
1.313	5.595750
1.314	5.603405
1.315	5.611056
1.316	5.618703
1.317	5.626346
1.318	5.633986
1.319	5.641622
1.320	5.649255
1.321	5.656884
1.322	5.664509
1.323	5.672131
1.324	5.679749
1.325	5.687363
1.326	5.694974
1.327	5.702581
1.328	5.710185
1.329	5.717785
1.330	5.725381
1.331	5.732974
1.332	5.740563
1.333	5.748149
1.334	5.755731
1.335	5.763310
1.336	5.770884
1.337	5.778456
1.338	5.786024
1.339	5.793588
1.340	5.801148
1.341	5.808705
1.342	5.816259
1.343	5.823809
1.344	5.831355
1.345	5.838898
1.346	5.846438
1.347	5.853973
1.348	5.861506
1.349	5.869034
1.350	5.876560
1.351	5.884081
1.352	5.891599
1.353	5.899114
1.354	5.906625
1.355	5.914133
1.356	5.921637
1.357	5.929138
1.358	5.936635
1.359	5.944128
1.360	5.951618
1.361	5.959105
1.362	5.966588
1.363	5.974068
1.364	5.981544
1.365	5.989017
1.366	5.996486
1.367	6.003952
1.368	6.011414
1.369	6.018873
1.370	6.026328
1.371	6.033780
1.372	6.041229
1.373	6.048674
1.374	6.056115
1.375	6.063554
1.376	6.070988
1.377	6.078420
1.378	6.085847
1.379	6.093272
1.380	6.100693
1.381	6.108111
1.382	6.115525
1.383	6.122936
1.384	6.130343
1.385	6.137747
1.386	6.145147
1.387	6.152545
1.388	6.159938
1.389	6.167329
1.390	6.174716
1.391	6.182099
1.392	6.189479
1.393	6.196856
1.394	6.204230
1.395	6.211600
1.396	6.218967
1.397	6.226330
1.398	6.233690
1.399	6.241046
1.400	6.248400
1.401	6.255750
1.402	6.263096
1.403	6.270440
1.404	6.277779
1.405	6.285116
1.406	6.292449
1.407	6.299779
1.408	6.307106
1.409	6.314429
1.410	6.321749
1.411	6.329065
1.412	6.336379
1.413	6.343689
1.414	6.350995
1.415	6.358299
1.416	6.365599
1.417	6.372895
1.418	6.380189
1.419	6.387479
1.420	6.394766
1.421	6.402049
1.422	6.409330
1.423	6.416607
1.424	6.423881
1.425	6.431151
1.426	6.438418
1.427	6.445682
1.428	6.452943
1.429	6.460200
1.430	6.467455
1.431	6.474705
1.432	6.481953
1.433	6.489198
1.434	6.496439
1.435	6.503677
1.436	6.510911
1.437	6.518143
1.438	6.525371
1.439	6.532596
1.440	6.539818
1.441	6.547036
1.442	6.554252
1.443	6.561464
1.444	6.568673
1.445	6.575879
1.446	6.583081
1.447	6.590280
1.448	6.597477
1.449	6.604670
1.450	6.611859
1.451	6.619046
1.452	6.626229
1.453	6.633409
1.454	6.640586
1.455	6.647760
1.456	6.654931
1.457	6.662098
1.458	6.669263
1.459	6.676424
1.460	6.683582
1.461	6.690737
1.462	6.697888
1.463	6.705037
1.464	6.712182
1.465	6.719324
1.466	6.726464
1.467	6.733600
1.468	6.740732
1.469	6.747862
1.470	6.754989
1.471	6.762112
1.472	6.769232
1.473	6.776350
1.474	6.783464
1.475	6.790575
1.476	6.797683
1.477	6.804787
1.478	6.811889
1.479	6.818988
1.480	6.826083
1.481	6.833175
1.482	6.840265
1.483	6.847351
1.484	6.854434
1.485	6.861514
1.486	6.868591
1.487	6.875665
1.488	6.882736
1.489	6.889803
1.490	6.896868
1.491	6.903930
1.492	6.910988
1.493	6.918044
1.494	6.925096
1.495	6.932145
1.496	6.939192
1.497	6.946235
1.498	6.953275
1.499	6.960313
1.500	6.967347
1.501	6.974378
1.502	6.981406
1.503	6.988431
1.504	6.995453
1.505	7.002472
1.506	7.009488
1.507	7.016501
1.508	7.023511
1.509	7.030518
1.510	7.037522
1.511	7.044523
1.512	7.051521
1.513	7.058516
1.514	7.065508
1.515	7.072497
1.516	7.079483
1.517	7.086466
1.518	7.093446
1.519	7.100423
1.520	7.107397
1.521	7.114368
1.522	7.121337
1.523	7.128302
1.524	7.135264
1.525	7.142223
1.526	7.149179
1.527	7.156133
1.528	7.163083
1.529	7.170031
1.530	7.176975
1.531	7.183917
1.532	7.190855
1.533	7.197791
1.534	7.204724
1.535	7.211654
1.536	7.218580
1.537	7.225504
1.538	7.232425
1.539	7.239344
1.540	7.246259
1.541	7.253171
1.542	7.260080
1.543	7.266987
1.544	7.273890
1.545	7.280791
1.546	7.287689
1.547	7.294584
1.548	7.301476
1.549	7.308365
1.550	7.315251
1.551	7.322134
1.552	7.329015
1.553	7.335892
1.554	7.342767
1.555	7.349639
1.556	7.356508
1.557	7.363374
1.558	7.370237
1.559	7.377097
1.560	7.383955
1.561	7.390809
1.562	7.397661
1.563	7.404510
1.564	7.411356
1.565	7.418199
1.566	7.425040
1.567	7.431877
1.568	7.438712
1.569	7.445544
1.570	7.452373
1.571	7.459199
1.572	7.466022
1.573	7.472843
1.574	7.479661
1.575	7.486476
1.576	7.493288
1.577	7.500097
1.578	7.506904
1.579	7.513707
1.580	7.520508
1.581	7.527306
1.582	7.534102
1.583	7.540894
1.584	7.547684
1.585	7.554471
1.586	7.561255
1.587	7.568036
1.588	7.574815
1.589	7.581591
1.590	7.588364
1.591	7.595134
1.592	7.601901
1.593	7.608666
1.594	7.615428
1.595	7.622187
1.596	7.628944
1.597	7.635697
1.598	7.642448
1.599	7.649196
1.600	7.655942
1.601	7.662685
1.602	7.669424
1.603	7.676162
1.604	7.682896
1.605	7.689628
1.606	7.696357
1.607	7.703083
1.608	7.709807
1.609	7.716528
1.610	7.723246
1.611	7.729961
1.612	7.736674
1.613	7.743384
1.614	7.750091
1.615	7.756796
1.616	7.763497
1.617	7.770197
1.618	7.776893
1.619	7.783587
1.620	7.790278
1.621	7.796966
1.622	7.803652
1.623	7.810335
1.624	7.817015
1.625	7.823693
1.626	7.830368
1.627	7.837040
1.628	7.843710
1.629	7.850377
1.630	7.857041
1.631	7.863703
1.632	7.870362
1.633	7.877018
1.634	7.883672
1.635	7.890323
1.636	7.896971
1.637	7.903617
1.638	7.910260
1.639	7.916900
1.640	7.923538
1.641	7.930173
1.642	7.936806
1.643	7.943435
1.644	7.950063
1.645	7.956687
1.646	7.963309
1.647	7.969929
1.648	7.976545
1.649	7.983160
1.650	7.989771
1.651	7.996380
1.652	8.002986
1.653	8.009590
1.654	8.016191
1.655	8.022790
1.656	8.029386
1.657	8.035979
1.658	8.042570
1.659	8.049158
1.660	8.055743
1.661	8.062326
1.662	8.068907
1.663	8.075484
1.664	8.082060
1.665	8.088632
1.666	8.095202
1.667	8.101770
1.668	8.108335
1.669	8.114897
1.670	8.121457
1.671	8.128014
1.672	8.134569
1.673	8.141121
1.674	8.147671
1.675	8.154218
1.676	8.160762
1.677	8.167304
1.678	8.173844
1.679	8.180381
1.680	8.186915
1.681	8.193447
1.682	8.199976
1.683	8.206503
1.684	8.213027
1.685	8.219549
1.686	8.226068
1.687	8.232585
1.688	8.239099
1.689	8.245611
1.690	8.252120
1.691	8.258626
1.692	8.265130
1.693	8.271632
1.694	8.278131
1.695	8.284628
1.696	8.291122
1.697	8.297614
1.698	8.304103
1.699	8.310589
1.700	8.317073
1.701	8.323555
1.702	8.330034
1.703	8.336511
1.704	8.342985
1.705	8.349457
1.706	8.355926
1.707	8.362393
1.708	8.368858
1.709	8.375320
1.710	8.381779
1.711	8.388236
1.712	8.394691
1.713	8.401143
1.714	8.407592
1.715	8.414039
1.716	8.420484
1.717	8.426926
1.718	8.433366
1.719	8.439804
1.720	8.446239
1.721	8.452671
1.722	8.459101
1.723	8.465529
1.724	8.471954
1.725	8.478377
1.726	8.484798
1.727	8.491216
1.728	8.497631
1.729	8.504044
1.730	8.510455
1.731	8.516863
1.732	8.523269
1.733	8.529673
1.734	8.536074
1.735	8.542473
1.736	8.548869
1.737	8.555263
1.738	8.561655
1.739	8.568044
1.740	8.574430
1.741	8.580815
1.742	8.587197
1.743	8.593576
1.744	8.599954
1.745	8.606329
1.746	8.612701
1.747	8.619071
1.748	8.625439
1.749	8.631804
1.750	8.638167
1.751	8.644528
1.752	8.650886
1.753	8.657242
1.754	8.663596
1.755	8.669947
1.756	8.676296
1.757	8.682642
1.758	8.688987
1.759	8.695328
1.760	8.701668
1.761	8.708005
1.762	8.714340
1.763	8.720672
1.764	8.727003
1.765	8.733330
1.766	8.739656
1.767	8.745979
1.768	8.752300
1.769	8.758618
1.770	8.764935
1.771	8.771249
1.772	8.777560
1.773	8.783869
1.774	8.790176
1.775	8.796481
1.776	8.802783
1.777	8.809084
1.778	8.815381
1.779	8.821677
1.780	8.827970
1.781	8.834261
1.782	8.840549
1.783	8.846836
1.784	8.853120
1.785	8.859401
1.786	8.865681
1.787	8.871958
1.788	8.878233
1.789	8.884506
1.790	8.890776
1.791	8.897044
1.792	8.903310
1.793	8.909573
1.794	8.915835
1.795	8.922094
1.796	8.928351
1.797	8.934605
1.798	8.940857
1.799	8.947107
1.800	8.953355
1.801	8.959601
1.802	8.965844
1.803	8.972085
1.804	8.978324
1.805	8.984560
1.806	8.990795
1.807	8.997027
1.808	9.003257
1.809	9.009484
1.810	9.015710
1.811	9.021933
1.812	9.028154
1.813	9.034373
1.814	9.040589
1.815	9.046803
1.816	9.053015
1.817	9.059225
1.818	9.065433
1.819	9.071638
1.820	9.077842
1.821	9.084043
1.822	9.090242
1.823	9.096438
1.824	9.102633
1.825	9.108825
1.826	9.115015
1.827	9.121203
1.828	9.127389
1.829	9.133572
1.830	9.139754
1.831	9.145933
1.832	9.152110
1.833	9.158285
1.834	9.164457
1.835	9.170628
1.836	9.176796
1.837	9.182962
1.838	9.189126
1.839	9.195288
1.840	9.201447
1.841	9.207605
1.842	9.213760
1.843	9.219913
1.844	9.226064
1.845	9.232213
1.846	9.238360
1.847	9.244504
1.848	9.250647
1.849	9.256787
1.850	9.262925
1.851	9.269061
1.852	9.275195
1.853	9.281327
1.854	9.287457
1.855	9.293584
1.856	9.299709
1.857	9.305833
1.858	9.311954
1.859	9.318073
1.860	9.324190
1.861	9.330304
1.862	9.336417
1.863	9.342528
1.864	9.348636
1.865	9.354742
1.866	9.360846
1.867	9.366949
1.868	9.373049
1.869	9.379146
1.870	9.385242
1.871	9.391336
1.872	9.397428
1.873	9.403517
1.874	9.409605
1.875	9.415690
1.876	9.421773
1.877	9.427854
1.878	9.433933
1.879	9.440010
1.880	9.446085
1.881	9.452158
1.882	9.458229
1.883	9.464298
1.884	9.470365
1.885	9.476429
1.886	9.482492
1.887	9.488552
1.888	9.494611
1.889	9.500667
1.890	9.506721
1.891	9.512773
1.892	9.518824
1.893	9.524872
1.894	9.530918
1.895	9.536962
1.896	9.543004
1.897	9.549044
1.898	9.555082
1.899	9.561118
1.900	9.567152
1.901	9.573184
1.902	9.579213
1.903	9.585241
1.904	9.591267
1.905	9.597291
1.906	9.603312
1.907	9.609332
1.908	9.615350
1.909	9.621365
1.910	9.627379
1.911	9.633390
1.912	9.639400
1.913	9.645408
1.914	9.651413
1.915	9.657417
1.916	9.663418
1.917	9.669418
1.918	9.675416
1.919	9.681411
1.920	9.687405
1.921	9.693396
1.922	9.699386
1.923	9.705374
1.924	9.711359
1.925	9.717343
1.926	9.723325
1.927	9.729304
1.928	9.735282
1.929	9.741258
1.930	9.747231
1.931	9.753203
1.932	9.759173
1.933	9.765141
1.934	9.771107
1.935	9.777071
1.936	9.783033
1.937	9.788993
1.938	9.794951
1.939	9.800907
1.940	9.806861
1.941	9.812813
1.942	9.818763
1.943	9.824711
1.944	9.830658
1.945	9.836602
1.946	9.842545
1.947	9.848485
1.948	9.854424
1.949	9.860360
1.950	9.866295
1.951	9.872228
1.952	9.878158
1.953	9.884087
1.954	9.890014
1.955	9.895939
1.956	9.901862
1.957	9.907784
1.958	9.913703
1.959	9.919620
1.960	9.925536
1.961	9.931449
1.962	9.937361
1.963	9.943270
1.964	9.949178
1.965	9.955084
1.966	9.960988
1.967	9.966890
1.968	9.972790
1.969	9.978688
1.970	9.984585
1.971	9.990479
1.972	9.996372
1.973	10.002263
1.974	10.008151
1.975	10.014038
1.976	10.019923
1.977	10.025806
1.978	10.031688
1.979	10.037567
1.980	10.043445
1.981	10.049320
1.982	10.055194
1.983	10.061066
1.984	10.066936
1.985	10.072804
1.986	10.078670
1.987	10.084535
1.988	10.090397
1.989	10.096258
1.990	10.102117
1.991	10.107973
1.992	10.113829
1.993	10.119682
1.994	10.125533
1.995	10.131383
1.996	10.137230
1.997	10.143076
1.998	10.148920
1.999	10.154762
2.000	10.160603
2.001	10.166441
2.002	10.172278
2.003	10.178113
2.004	10.183946
2.005	10.189777
2.006	10.195606
2.007	10.201434
2.008	10.207259
2.009	10.213083
2.010	10.218905
2.011	10.224725
2.012	10.230544
2.013	10.236360
2.014	10.242175
2.015	10.247988
2.016	10.253799
2.017	10.259608
2.018	10.265416
2.019	10.271221
2.020	10.277025
2.021	10.282827
2.022	10.288628
2.023	10.294426
2.024	10.300223
2.025	10.306018
2.026	10.311811
2.027	10.317602
2.028	10.323392
2.029	10.329179
2.030	10.334965
2.031	10.340749
2.032	10.346532
2.033	10.352312
2.034	10.358091
2.035	10.363868
2.036	10.369643
2.037	10.375417
2.038	10.381189
2.039	10.386958
2.040	10.392727
2.041	10.398493
2.042	10.404258
2.043	10.410020
2.044	10.415782
2.045	10.421541
2.046	10.427298
2.047	10.433054
2.048	10.438808
2.049	10.444561
2.050	10.450311
2.051	10.456060
2.052	10.461807
2.053	10.467552
2.054	10.473296
2.055	10.479038
2.056	10.484778
2.057	10.490516
2.058	10.496253
2.059	10.501988
2.060	10.507721
2.061	10.513452
2.062	10.519182
2.063	10.524910
2.064	10.530636
2.065	10.536361
2.066	10.542084
2.067	10.547805
2.068	10.553524
2.069	10.559242
2.070	10.564957
2.071	10.570672
2.072	10.576384
2.073	10.582095
2.074	10.587804
2.075	10.593511
2.076	10.599217
2.077	10.604921
2.078	10.610623
2.079	10.616324
2.080	10.622022
2.081	10.627720
2.082	10.633415
2.083	10.639109
2.084	10.644801
2.085	10.650491
2.086	10.656180
2.087	10.661867
2.088	10.667552
2.089	10.673236
2.090	10.678918
2.091	10.684598
2.092	10.690276
2.093	10.695953
2.094	10.701628
2.095	10.707302
2.096	10.712974
2.097	10.718644
2.098	10.724313
2.099	10.729979
2.100	10.735645
2.101	10.741308
2.102	10.746970
2.103	10.752630
2.104	10.758289
2.105	10.763946
2.106	10.769601
2.107	10.775254
2.108	10.780906
2.109	10.786557
2.110	10.792205
2.111	10.797852
2.112	10.803497
2.113	10.809141
2.114	10.814783
2.115	10.820424
2.116	10.826062
2.117	10.831699
2.118	10.837335
2.119	10.842969
2.120	10.848601
2.121	10.854232
2.122	10.859861
2.123	10.865488
2.124	10.871114
2.125	10.876738
2.126	10.882360
2.127	10.887981
2.128	10.893600
2.129	10.899218
2.130	10.904834
2.131	10.910448
2.132	10.916061
2.133	10.921672
2.134	10.927281
2.135	10.932889
2.136	10.938496
2.137	10.944100
2.138	10.949704
2.139	10.955305
2.140	10.960905
2.141	10.966503
2.142	10.972100
2.143	10.977695
2.144	10.983288
2.145	10.988880
2.146	10.994471
2.147	11.000059
2.148	11.005647
2.149	11.011232
2.150	11.016816
2.151	11.022399
2.152	11.027979
2.153	11.033559
2.154	11.039136
2.155	11.044712
2.156	11.050287
2.157	11.055860
2.158	11.061431
2.159	11.067001
2.160	11.072569
2.161	11.078136
2.162	11.083701
2.163	11.089264
2.164	11.094826
2.165	11.100387
2.166	11.105946
2.167	11.111503
2.168	11.117059
2.169	11.122613
2.170	11.128165
2.171	11.133716
2.172	11.139266
2.173	11.144814
2.174	11.150360
2.175	11.155905
2.176	11.161448
2.177	11.166990
2.178	11.172530
2.179	11.178069
2.180	11.183606
2.181	11.189142
2.182	11.194676
2.183	11.200209
2.184	11.205740
2.185	11.211269
2.186	11.216797
2.187	11.222324
2.188	11.227848
2.189	11.233372
2.190	11.238894
2.191	11.244414
2.192	11.249933
2.193	11.255450
2.194	11.260966
2.195	11.266480
2.196	11.271993
2.197	11.277504
2.198	11.283014
2.199	11.288522
2.200	11.294029
2.201	11.299534
2.202	11.305038
2.203	11.310540
2.204	11.316041
2.205	11.321540
2.206	11.327038
2.207	11.332534
2.208	11.338029
2.209	11.343522
2.210	11.349014
2.211	11.354504
2.212	11.359993
2.213	11.365480
2.214	11.370966
2.215	11.376450
2.216	11.381933
2.217	11.387414
2.218	11.392894
2.219	11.398372
2.220	11.403849
2.221	11.409325
2.222	11.414799
2.223	11.420271
2.224	11.425742
2.225	11.431211
2.226	11.436680
2.227	11.442146
2.228	11.447611
2.229	11.453075
2.230	11.458537
2.231	11.463998
2.232	11.469457
2.233	11.474915
2.234	11.480371
2.235	11.485826
2.236	11.491280
2.237	11.496732
2.238	11.502182
2.239	11.507631
2.240	11.513079
2.241	11.518525
2.242	11.523970
2.243	11.529413
2.244	11.534855
2.245	11.540295
2.246	11.545734
2.247	11.551172
2.248	11.556608
2.249	11.562043
2.250	11.567476
2.251	11.572908
2.252	11.578338
2.253	11.583767
2.254	11.589195
2.255	11.594621
2.256	11.600045
2.257	11.605469
2.258	11.610890
2.259	11.616311
2.260	11.621730
2.261	11.627147
2.262	11.632564
2.263	11.637978
2.264	11.643392
2.265	11.648804
2.266	11.654214
2.267	11.659623
2.268	11.665031
2.269	11.670437
2.270	11.675842
2.271	11.681245
2.272	11.686647
2.273	11.692048
2.274	11.697447
2.275	11.702845
2.276	11.708242
2.277	11.713637
2.278	11.719030
2.279	11.724423
2.280	11.729813
2.281	11.735203
2.282	11.740591
2.283	11.745978
2.284	11.751363
2.285	11.756747
2.286	11.762130
2.287	11.767511
2.288	11.772891
2.289	11.778269
2.290	11.783646
2.291	11.789022
2.292	11.794396
2.293	11.799769
2.294	11.805141
2.295	11.810511
2.296	11.815879
2.297	11.821247
2.298	11.826613
2.299	11.831978
2.300	11.837341
2.301	11.842703
2.302	11.848064
2.303	11.853423
2.304	11.858781
2.305	11.864137
2.306	11.869493
2.307	11.874846
2.308	11.880199
2.309	11.885550
2.310	11.890900
2.311	11.896248
2.312	11.901595
2.313	11.906941
2.314	11.912285
2.315	11.917628
2.316	11.922970
2.317	11.928310
2.318	11.933649
2.319	11.938987
2.320	11.944323
2.321	11.949658
2.322	11.954992
2.323	11.960325
2.324	11.965656
2.325	11.970985
2.326	11.976314
2.327	11.981641
2.328	11.986966
2.329	11.992291
2.330	11.997614
2.331	12.002935
2.332	12.008256
2.333	12.013575
2.334	12.018893
2.335	12.024209
2.336	12.029524
2.337	12.034838
2.338	12.040151
2.339	12.045462
2.340	12.050772
2.341	12.056080
2.342	12.061387
2.343	12.066693
2.344	12.071998
2.345	12.077301
2.346	12.082604
2.347	12.087904
2.348	12.093204
2.349	12.098502
2.350	12.103799
2.351	12.109094
2.352	12.114389
2.353	12.119681
2.354	12.124973
2.355	12.130264
2.356	12.135553
2.357	12.140840
2.358	12.146127
2.359	12.151412
2.360	12.156696
2.361	12.161979
2.362	12.167260
2.363	12.172540
2.364	12.177819
2.365	12.183097
2.366	12.188373
2.367	12.193648
2.368	12.198922
2.369	12.204194
2.370	12.209465
2.371	12.214735
2.372	12.220004
2.373	12.225271
2.374	12.230537
2.375	12.235802
2.376	12.241066
2.377	12.246328
2.378	12.251589
2.379	12.256849
2.380	12.262107
2.381	12.267364
2.382	12.272621
2.383	12.277875
2.384	12.283129
2.385	12.288381
2.386	12.293632
2.387	12.298882
2.388	12.304130
2.389	12.309377
2.390	12.314623
2.391	12.319868
2.392	12.325112
2.393	12.330354
2.394	12.335595
2.395	12.340835
2.396	12.346073
2.397	12.351311
2.398	12.356547
2.399	12.361782
2.400	12.367015
2.401	12.372248
2.402	12.377479
2.403	12.382709
2.404	12.387937
2.405	12.393165
2.406	12.398391
2.407	12.403616
2.408	12.408840
2.409	12.414062
2.410	12.419284
2.411	12.424504
2.412	12.429723
2.413	12.434940
2.414	12.440157
2.415	12.445372
2.416	12.450586
2.417	12.455799
2.418	12.461010
2.419	12.466221
2.420	12.471430
2.421	12.476638
2.422	12.481845
2.423	12.487050
2.424	12.492255
2.425	12.497458
2.426	12.502660
2.427	12.507860
2.428	12.513060
2.429	12.518258
2.430	12.523455
2.431	12.528651
2.432	12.533846
2.433	12.539040
2.434	12.544232
2.435	12.549423
2.436	12.554613
2.437	12.559802
2.438	12.564990
2.439	12.570176
2.440	12.575361
2.441	12.580545
2.442	12.585728
2.443	12.590910
2.444	12.596090
2.445	12.601270
2.446	12.606448
2.447	12.611625
2.448	12.616801
2.449	12.621975
2.450	12.627149
2.451	12.632321
2.452	12.637492
2.453	12.642662
2.454	12.647831
2.455	12.652998
2.456	12.658165
2.457	12.663330
2.458	12.668494
2.459	12.673657
2.460	12.678819
2.461	12.683979
2.462	12.689139
2.463	12.694297
2.464	12.699454
2.465	12.704610
2.466	12.709765
2.467	12.714919
2.468	12.720071
2.469	12.725222
2.470	12.730373
2.471	12.735522
2.472	12.740670
2.473	12.745816
2.474	12.750962
2.475	12.756106
2.476	12.761250
2.477	12.766392
2.478	12.771533
2.479	12.776673
2.480	12.781812
2.481	12.786949
2.482	12.792086
2.483	12.797221
2.484	12.802355
2.485	12.807488
2.486	12.812620
2.487	12.817751
2.488	12.822881
2.489	12.828009
2.490	12.833137
2.491	12.838263
2.492	12.843388
2.493	12.848512
2.494	12.853635
2.495	12.858757
2.496	12.863878
2.497	12.868997
2.498	12.874116
2.499	12.879233
2.500	12.884349
2.501	12.889464
2.502	12.894578
2.503	12.899691
2.504	12.904803
2.505	12.909914
2.506	12.915023
2.507	12.920131
2.508	12.925239
2.509	12.930345
2.510	12.935450
2.511	12.940554
2.512	12.945657
2.513	12.950759
2.514	12.955859
2.515	12.960959
2.516	12.966058
2.517	12.971155
2.518	12.976251
2.519	12.981346
2.520	12.986441
2.521	12.991534
2.522	12.996625
2.523	13.001716
2.524	13.006806
2.525	13.011895
2.526	13.016982
2.527	13.022069
2.528	13.027154
2.529	13.032238
2.530	13.037322
2.531	13.042404
2.532	13.047485
2.533	13.052565
2.534	13.057644
2.535	13.062722
2.536	13.067798
2.537	13.072874
2.538	13.077949
2.539	13.083022
2.540	13.088094
2.541	13.093166
2.542	13.098236
2.543	13.103305
2.544	13.108374
2.545	13.113441
2.546	13.118507
2.547	13.123572
2.548	13.128636
2.549	13.133698
2.550	13.138760
2.551	13.143821
2.552	13.148880
2.553	13.153939
2.554	13.158997
2.555	13.164053
2.556	13.169109
2.557	13.174163
2.558	13.179216
2.559	13.184268
2.560	13.189320
2.561	13.194370
2.562	13.199419
2.563	13.204467
2.564	13.209514
2.565	13.214560
2.566	13.219605
2.567	13.224649
2.568	13.229692
2.569	13.234733
2.570	13.239774
2.571	13.244814
2.572	13.249852
2.573	13.254890
2.574	13.259927
2.575	13.264962
2.576	13.269997
2.577	13.275030
2.578	13.280063
2.579	13.285094
2.580	13.290125
2.581	13.295154
2.582	13.300182
2.583	13.305210
2.584	13.310236
2.585	13.315261
2.586	13.320285
2.587	13.325308
2.588	13.330331
2.589	13.335352
2.590	13.340372
2.591	13.345391
2.592	13.350409
2.593	13.355426
2.594	13.360442
2.595	13.365457
2.596	13.370471
2.597	13.375484
2.598	13.380496
2.599	13.385507
2.600	13.390517
2.601	13.395526
2.602	13.400534
2.603	13.405541
2.604	13.410547
2.605	13.415552
2.606	13.420556
2.607	13.425559
2.608	13.430561
2.609	13.435562
2.610	13.440562
2.611	13.445561
2.612	13.450559
2.613	13.455556
2.614	13.460552
2.615	13.465547
2.616	13.470541
2.617	13.475534
2.618	13.480526
2.619	13.485517
2.620	13.490507
2.621	13.495496
2.622	13.500484
2.623	13.505471
2.624	13.510457
2.625	13.515442
2.626	13.520426
2.627	13.525409
2.628	13.530391
2.629	13.535372
2.630	13.540352
2.631	13.545331
2.632	13.550309
2.633	13.555287
2.634	13.560263
2.635	13.565238
2.636	13.570212
2.637	13.575186
2.638	13.580158
2.639	13.585129
2.640	13.590100
2.641	13.595069
2.642	13.600038
2.643	13.605005
2.644	13.609972
2.645	13.614937
2.646	13.619902
2.647	13.624865
2.648	13.629828
2.649	13.634790
2.650	13.639750
2.651	13.644710
2.652	13.649669
2.653	13.654627
2.654	13.659584
2.655	13.664540
2.656	13.669495
2.657	13.674449
2.658	13.679402
2.659	13.684354
2.660	13.689305
2.661	13.694255
2.662	13.699205
2.663	13.704153
2.664	13.709100
2.665	13.714047
2.666	13.718992
2.667	13.723937
2.668	13.728880
2.669	13.733823
2.670	13.738765
2.671	13.743705
2.672	13.748645
2.673	13.753584
2.674	13.758522
2.675	13.763459
2.676	13.768395
2.677	13.773330
2.678	13.778265
2.679	13.783198
2.680	13.788130
2.681	13.793062
2.682	13.797992
2.683	13.802922
2.684	13.807850
2.685	13.812778
2.686	13.817705
2.687	13.822630
2.688	13.827555
2.689	13.832479
2.690	13.837402
2.691	13.842325
2.692	13.847246
2.693	13.852166
2.694	13.857085
2.695	13.862004
2.696	13.866921
2.697	13.871838
2.698	13.876754
2.699	13.881669
2.700	13.886582
2.701	13.891495
2.702	13.896407
2.703	13.901319
2.704	13.906229
2.705	13.911138
2.706	13.916046
2.707	13.920954
2.708	13.925861
2.709	13.930766
2.710	13.935671
2.711	13.940575
2.712	13.945478
2.713	13.950380
2.714	13.955281
2.715	13.960181
2.716	13.965081
2.717	13.969979
2.718	13.974877
2.719	13.979773
2.720	13.984669
2.721	13.989564
2.722	13.994458
2.723	13.999351
2.724	14.004243
2.725	14.009135
2.726	14.014025
2.727	14.018915
2.728	14.023803
2.729	14.028691
2.730	14.033578
2.731	14.038464
2.732	14.043349
2.733	14.048233
2.734	14.053117
2.735	14.057999
2.736	14.062881
2.737	14.067761
2.738	14.072641
2.739	14.077520
2.740	14.082398
2.741	14.087275
2.742	14.092151
2.743	14.097027
2.744	14.101901
2.745	14.106775
2.746	14.111648
2.747	14.116520
2.748	14.121391
2.749	14.126261
2.750	14.131130
2.751	14.135999
2.752	14.140866
2.753	14.145733
2.754	14.150599
2.755	14.155464
2.756	14.160328
2.757	14.165191
2.758	14.170054
2.759	14.174915
2.760	14.179776
2.761	14.184635
2.762	14.189494
2.763	14.194352
2.764	14.199210
2.765	14.204066
2.766	14.208922
2.767	14.213776
2.768	14.218630
2.769	14.223483
2.770	14.228335
2.771	14.233186
2.772	14.238037
2.773	14.242886
2.774	14.247735
2.775	14.252583
2.776	14.257430
2.777	14.262276
2.778	14.267121
2.779	14.271966
2.780	14.276809
2.781	14.281652
2.782	14.286494
2.783	14.291335
2.784	14.296175
2.785	14.301015
2.786	14.305853
2.787	14.310691
2.788	14.315528
2.789	14.320364
2.790	14.325199
2.791	14.330034
2.792	14.334867
2.793	14.339700
2.794	14.344532
2.795	14.349363
2.796	14.354193
2.797	14.359022
2.798	14.363851
2.799	14.368679
2.800	14.373506
2.801	14.378332
2.802	14.383157
2.803	14.387981
2.804	14.392805
2.805	14.397628
2.806	14.402450
2.807	14.407271
2.808	14.412091
2.809	14.416911
2.810	14.421729
2.811	14.426547
2.812	14.431364
2.813	14.436180
2.814	14.440996
2.815	14.445810
2.816	14.450624
2.817	14.455437
2.818	14.460249
2.819	14.465061
2.820	14.469871
2.821	14.474681
2.822	14.479490
2.823	14.484298
2.824	14.489105
2.825	14.493912
2.826	14.498717
2.827	14.503522
2.828	14.508326
2.829	14.513130
2.830	14.517932
2.831	14.522734
2.832	14.527535
2.833	14.532335
2.834	14.537134
2.835	14.541932
2.836	14.546730
2.837	14.551527
2.838	14.556323
2.839	14.561118
2.840	14.565913
2.841	14.570707
2.842	14.575499
2.843	14.580292
2.844	14.585083
2.845	14.589873
2.846	14.594663
2.847	14.599452
2.848	14.604240
2.849	14.609028
2.850	14.613814
2.851	14.618600
2.852	14.623385
2.853	14.628169
2.854	14.632953
2.855	14.637735
2.856	14.642517
2.857	14.647298
2.858	14.652079
2.859	14.656858
2.860	14.661637
2.861	14.666415
2.862	14.671192
2.863	14.675968
2.864	14.680744
2.865	14.685519
2.866	14.690293
2.867	14.695066
2.868	14.699839
2.869	14.704611
2.870	14.709382
2.871	14.714152
2.872	14.718921
2.873	14.723690
2.874	14.728458
2.875	14.733225
2.876	14.737992
2.877	14.742757
2.878	14.747522
2.879	14.752286
2.880	14.757049
2.881	14.761812
2.882	14.766574
2.883	14.771335
2.884	14.776095
2.885	14.780855
2.886	14.785613
2.887	14.790371
2.888	14.795129
2.889	14.799885
2.890	14.804641
2.891	14.809396
2.892	14.814150
2.893	14.818904
2.894	14.823656
2.895	14.828408
2.896	14.833160
2.897	14.837910
2.898	14.842660
2.899	14.847409
2.900	14.852157
2.901	14.856904
2.902	14.861651
2.903	14.866397
2.904	14.871142
2.905	14.875887
2.906	14.880631
2.907	14.885374
2.908	14.890116
2.909	14.894857
2.910	14.899598
2.911	14.904338
2.912	14.909077
2.913	14.913816
2.914	14.918554
2.915	14.923291
2.916	14.928027
2.917	14.932763
2.918	14.937498
2.919	14.942232
2.920	14.946965
2.921	14.951698
2.922	14.956430
2.923	14.961161
2.924	14.965891
2.925	14.970621
2.926	14.975350
2.927	14.980079
2.928	14.984806
2.929	14.989533
2.930	14.994259
2.931	14.998984
2.932	15.003709
2.933	15.008433
2.934	15.013156
2.935	15.017879
2.936	15.022600
2.937	15.027321
2.938	15.032042
2.939	15.036761
2.940	15.041480
2.941	15.046198
2.942	15.050916
2.943	15.055633
2.944	15.060349
2.945	15.065064
2.946	15.069778
2.947	15.074492
2.948	15.079205
2.949	15.083918
2.950	15.088630
2.951	15.093341
2.952	15.098051
2.953	15.102761
2.954	15.107469
2.955	15.112178
2.956	15.116885
2.957	15.121592
2.958	15.126298
2.959	15.131003
2.960	15.135708
2.961	15.140412
2.962	15.145115
2.963	15.149818
2.964	15.154519
2.965	15.159221
2.966	15.163921
2.967	15.168621
2.968	15.173320
2.969	15.178018
2.970	15.182716
2.971	15.187413
2.972	15.192109
2.973	15.196804
2.974	15.201499
2.975	15.206193
2.976	15.210887
2.977	15.215580
2.978	15.220272
2.979	15.224963
2.980	15.229654
2.981	15.234344
2.982	15.239033
2.983	15.243722
2.984	15.248410
2.985	15.253097
2.986	15.257783
2.987	15.262469
2.988	15.267155
2.989	15.271839
2.990	15.276523
2.991	15.281206
2.992	15.285888
2.993	15.290570
2.994	15.295251
2.995	15.299932
2.996	15.304611
2.997	15.309291
2.998	15.313969
2.999	15.318647
3.000	15.323324
3.001	15.328000
3.002	15.332676
3.003	15.337351
3.004	15.342025
3.005	15.346699
3.006	15.351371
3.007	15.356044
3.008	15.360715
3.009	15.365386
3.010	15.370057
3.011	15.374726
3.012	15.379395
3.013	15.384063
3.014	15.388731
3.015	15.393398
3.016	15.398064
3.017	15.402730
3.018	15.407395
3.019	15.412059
3.020	15.416723
3.021	15.421386
3.022	15.426048
3.023	15.430710
3.024	15.435370
3.025	15.440031
3.026	15.444690
3.027	15.449349
3.028	15.454008
3.029	15.458665
3.030	15.463322
3.031	15.467979
3.032	15.472634
3.033	15.477289
3.034	15.481944
3.035	15.486598
3.036	15.491251
3.037	15.495903
3.038	15.500555
3.039	15.505206
3.040	15.509856
3.041	15.514506
3.042	15.519155
3.043	15.523804
3.044	15.528452
3.045	15.533099
3.046	15.537746
3.047	15.542392
3.048	15.547037
3.049	15.551681
3.050	15.556325
3.051	15.560969
3.052	15.565612
3.053	15.570254
3.054	15.574895
3.055	15.579536
3.056	15.584176
3.057	15.588815
3.058	15.593454
3.059	15.598093
3.060	15.602730
3.061	15.607367
3.062	15.612003
3.063	15.616639
3.064	15.621274
3.065	15.625909
3.066	15.630542
3.067	15.635175
3.068	15.639808
3.069	15.644440
3.070	15.649071
3.071	15.653702
3.072	15.658332
3.073	15.662961
3.074	15.667590
3.075	15.672218
3.076	15.676845
3.077	15.681472
3.078	15.686098
3.079	15.690724
3.080	15.695349
3.081	15.699973
3.082	15.704597
3.083	15.709220
3.084	15.713843
3.085	15.718464
3.086	15.723086
3.087	15.727706
3.088	15.732326
3.089	15.736946
3.090	15.741564
3.091	15.746182
3.092	15.750800
3.093	15.755417
3.094	15.760033
3.095	15.764649
3.096	15.769264
3.097	15.773878
3.098	15.778492
3.099	15.783105
3.100	15.787718
3.101	15.792330
3.102	15.796941
3.103	15.801552
3.104	15.806162
3.105	15.810772
3.106	15.815381
3.107	15.819989
3.108	15.824597
3.109	15.829204
3.110	15.833810
3.111	15.838416
3.112	15.843021
3.113	15.847626
3.114	15.852230
3.115	15.856834
3.116	15.861436
3.117	15.866039
3.118	15.870640
3.119	15.875241
3.120	15.879842
3.121	15.884442
3.122	15.889041
3.123	15.893640
3.124	15.898238
3.125	15.902835
3.126	15.907432
3.127	15.912028
3.128	15.916624
3.129	15.921219
3.130	15.925814
3.131	15.930407
3.132	15.935001
3.133	15.939593
3.134	15.944186
3.135	15.948777
3.136	15.953368
3.137	15.957958
3.138	15.962548
3.139	15.967137
3.140	15.971726
3.141	15.976314
3.142	15.980901
3.143	15.985488
3.144	15.990074
3.145	15.994660
3.146	15.999245
3.147	16.003829
3.148	16.008413
3.149	16.012996
3.150	16.017579
3.151	16.022161
3.152	16.026743
3.153	16.031324
3.154	16.035904
3.155	16.040484
3.156	16.045063
3.157	16.049642
3.158	16.054220
3.159	16.058797
3.160	16.063374
3.161	16.067951
3.162	16.072526
3.163	16.077102
3.164	16.081676
3.165	16.086250
3.166	16.090824
3.167	16.095397
3.168	16.099969
3.169	16.104541
3.170	16.109112
3.171	16.113683
3.172	16.118253
3.173	16.122822
3.174	16.127391
3.175	16.131959
3.176	16.136527
3.177	16.141094
3.178	16.145661
3.179	16.150227
3.180	16.154792
3.181	16.159357
3.182	16.163922
3.183	16.168485
3.184	16.173049
3.185	16.177611
3.186	16.182173
3.187	16.186735
3.188	16.191296
3.189	16.195856
3.190	16.200416
3.191	16.204976
3.192	16.209534
3.193	16.214092
3.194	16.218650
3.195	16.223207
3.196	16.227764
3.197	16.232320
3.198	16.236875
3.199	16.241430
3.200	16.245984
3.201	16.250538
3.202	16.255091
3.203	16.259644
3.204	16.264196
3.205	16.268747
3.206	16.273298
3.207	16.277849
3.208	16.282399
3.209	16.286948
3.210	16.291497
3.211	16.296045
3.212	16.300593
3.213	16.305140
3.214	16.309686
3.215	16.314232
3.216	16.318778
3.217	16.323323
3.218	16.327867
3.219	16.332411
3.220	16.336954
3.221	16.341497
3.222	16.346039
3.223	16.350581
3.224	16.355122
3.225	16.359663
3.226	16.364203
3.227	16.368743
3.228	16.373281
3.229	16.377820
3.230	16.382358
3.231	16.386895
3.232	16.391432
3.233	16.395968
3.234	16.400504
3.235	16.405039
3.236	16.409574
3.237	16.414108
3.238	16.418642
3.239	16.423175
3.240	16.427707
3.241	16.432240
3.242	16.436771
3.243	16.441302
3.244	16.445832
3.245	16.450362
3.246	16.454892
3.247	16.459421
3.248	16.463949
3.249	16.468477
3.250	16.473004
3.251	16.477531
3.252	16.482057
3.253	16.486582
3.254	16.491108
3.255	16.495632
3.256	16.500156
3.257	16.504680
3.258	16.509203
3.259	16.513726
3.260	16.518248
3.261	16.522769
3.262	16.527290
3.263	16.531810
3.264	16.536330
3.265	16.540850
3.266	16.545369
3.267	16.549887
3.268	16.554405
3.269	16.558922
3.270	16.563439
3.271	16.567955
3.272	16.572471
3.273	16.576986
3.274	16.581501
3.275	16.586015
3.276	16.590529
3.277	16.595042
3.278	16.599555
3.279	16.604067
3.280	16.608579
3.281	16.613090
3.282	16.617601
3.283	16.622111
3.284	16.626621
3.285	16.631130
3.286	16.635638
3.287	16.640146
3.288	16.644654
3.289	16.649161
3.290	16.653668
3.291	16.658174
3.292	16.662679
3.293	16.667184
3.294	16.671689
3.295	16.676193
3.296	16.680697
3.297	16.685200
3.298	16.689702
3.299	16.694204
3.300	16.698706
3.301	16.703207
3.302	16.707707
3.303	16.712207
3.304	16.716707
3.305	16.721206
3.306	16.725705
3.307	16.730203
3.308	16.734700
3.309	16.739197
3.310	16.743694
3.311	16.748190
3.312	16.752685
3.313	16.757180
3.314	16.761675
3.315	16.766169
3.316	16.770663
3.317	16.775156
3.318	16.779648
3.319	16.784140
3.320	16.788632
3.321	16.793123
3.322	16.797614
3.323	16.802104
3.324	16.806594
3.325	16.811083
3.326	16.815571
3.327	16.820060
3.328	16.824547
3.329	16.829035
3.330	16.833521
3.331	16.838008
3.332	16.842493
3.333	16.846979
3.334	16.851463
3.335	16.855948
3.336	16.860431
3.337	16.864915
3.338	16.869398
3.339	16.873880
3.340	16.878362
3.341	16.882843
3.342	16.887324
3.343	16.891805
3.344	16.896285
3.345	16.900764
3.346	16.905243
3.347	16.909722
3.348	16.914200
3.349	16.918677
3.350	16.923154
3.351	16.927631
3.352	16.932107
3.353	16.936583
3.354	16.941058
3.355	16.945532
3.356	16.950007
3.357	16.954480
3.358	16.958954
3.359	16.963427
3.360	16.967899
3.361	16.972371
3.362	16.976842
3.363	16.981313
3.364	16.985784
3.365	16.990253
3.366	16.994723
3.367	16.999192
3.368	17.003661
3.369	17.008129
3.370	17.012596
3.371	17.017064
3.372	17.021530
3.373	17.025996
3.374	17.030462
3.375	17.034928
3.376	17.039392
3.377	17.043857
3.378	17.048321
3.379	17.052784
3.380	17.057247
3.381	17.061710
3.382	17.066172
3.383	17.070633
3.384	17.075094
3.385	17.079555
3.386	17.084015
3.387	17.088475
3.388	17.092934
3.389	17.097393
3.390	17.101852
3.391	17.106310
3.392	17.110767
3.393	17.115224
3.394	17.119681
3.395	17.124137
3.396	17.128592
3.397	17.133047
3.398	17.137502
3.399	17.141956
3.400	17.146410
3.401	17.150864
3.402	17.155317
3.403	17.159769
3.404	17.164221
3.405	17.168673
3.406	17.173124
3.407	17.177574
3.408	17.182024
3.409	17.186474
3.410	17.190924
3.411	17.195372
3.412	17.199821
3.413	17.204269
3.414	17.208716
3.415	17.213163
3.416	17.217610
3.417	17.222056
3.418	17.226502
3.419	17.230947
3.420	17.235392
3.421	17.239836
3.422	17.244280
3.423	17.248724
3.424	17.253167
3.425	17.257609
3.426	17.262052
3.427	17.266493
3.428	17.270935
3.429	17.275375
3.430	17.279816
3.431	17.284256
3.432	17.288695
3.433	17.293134
3.434	17.297573
3.435	17.302011
3.436	17.306449
3.437	17.310886
3.438	17.315323
3.439	17.319760
3.440	17.324196
3.441	17.328631
3.442	17.333066
3.443	17.337501
3.444	17.341935
3.445	17.346369
3.446	17.350803
3.447	17.355236
3.448	17.359668
3.449	17.364100
3.450	17.368532
3.451	17.372963
3.452	17.377394
3.453	17.381825
3.454	17.386254
3.455	17.390684
3.456	17.395113
3.457	17.399542
3.458	17.403970
3.459	17.408398
3.460	17.412825
3.461	17.417252
3.462	17.421679
3.463	17.426105
3.464	17.430531
3.465	17.434956
3.466	17.439381
3.467	17.443805
3.468	17.448229
3.469	17.452653
3.470	17.457076
3.471	17.461498
3.472	17.465921
3.473	17.470343
3.474	17.474764
3.475	17.479185
3.476	17.483606
3.477	17.488026
3.478	17.492446
3.479	17.496865
3.480	17.501284
3.481	17.505702
3.482	17.510120
3.483	17.514538
3.484	17.518955
3.485	17.523372
3.486	17.527789
3.487	17.532205
3.488	17.536620
3.489	17.541035
3.490	17.545450
3.491	17.549865
3.492	17.554278
3.493	17.558692
3.494	17.563105
3.495	17.567518
3.496	17.571930
3.497	17.576342
3.498	17.580753
3.499	17.585164
3.500	17.589575
3.501	17.593985
3.502	17.598395
3.503	17.602804
3.504	17.607213
3.505	17.611622
3.506	17.616030
3.507	17.620438
3.508	17.624845
3.509	17.629252
3.510	17.633659
3.511	17.638065
3.512	17.642471
3.513	17.646876
3.514	17.651281
3.515	17.655685
3.516	17.660090
3.517	17.664493
3.518	17.668897
3.519	17.673299
3.520	17.677702
3.521	17.682104
3.522	17.686506
3.523	17.690907
3.524	17.695308
3.525	17.699708
3.526	17.704109
3.527	17.708508
3.528	17.712908
3.529	17.717306
3.530	17.721705
3.531	17.726103
3.532	17.730501
3.533	17.734898
3.534	17.739295
3.535	17.743691
3.536	17.748088
3.537	17.752483
3.538	17.756879
3.539	17.761273
3.540	17.765668
3.541	17.770062
3.542	17.774456
3.543	17.778849
3.544	17.783242
3.545	17.787635
3.546	17.792027
3.547	17.796419
3.548	17.800810
3.549	17.805201
3.550	17.809592
3.551	17.813982
3.552	17.818372
3.553	17.822761
3.554	17.827150
3.555	17.831539
3.556	17.835927
3.557	17.840315
3.558	17.844702
3.559	17.849090
3.560	17.853476
3.561	17.857863
3.562	17.862249
3.563	17.866634
3.564	17.871019
3.565	17.875404
3.566	17.879788
3.567	17.884173
3.568	17.888556
3.569	17.892939
3.570	17.897322
3.571	17.901705
3.572	17.906087
3.573	17.910469
3.574	17.914850
3.575	17.919231
3.576	17.923611
3.577	17.927992
3.578	17.932371
3.579	17.936751
3.580	17.941130
3.581	17.945509
3.582	17.949887
3.583	17.954265
3.584	17.958642
3.585	17.963020
3.586	17.967396
3.587	17.971773
3.588	17.976149
3.589	17.980525
3.590	17.984900
3.591	17.989275
3.592	17.993649
3.593	17.998023
3.594	18.002397
3.595	18.006771
3.596	18.011144
3.597	18.015516
3.598	18.019889
3.599	18.024261
3.600	18.028632
3.601	18.033003
3.602	18.037374
3.603	18.041745
3.604	18.046115
3.605	18.050484
3.606	18.054854
3.607	18.059223
3.608	18.063591
3.609	18.067959
3.610	18.072327
3.611	18.076695
3.612	18.081062
3.613	18.085429
3.614	18.089795
3.615	18.094161
3.616	18.098527
3.617	18.102892
3.618	18.107257
3.619	18.111621
3.620	18.115986
3.621	18.120350
3.622	18.124713
3.623	18.129076
3.624	18.133439
3.625	18.137801
3.626	18.142163
3.627	18.146525
3.628	18.150886
3.629	18.155247
3.630	18.159608
3.631	18.163968
3.632	18.168328
3.633	18.172687
3.634	18.177046
3.635	18.181405
3.636	18.185764
3.637	18.190122
3.638	18.194479
3.639	18.198837
3.640	18.203194
3.641	18.207550
3.642	18.211907
3.643	18.216262
3.644	18.220618
3.645	18.224973
3.646	18.229328
3.647	18.233683
3.648	18.238037
3.649	18.242391
3.650	18.246744
3.651	18.251097
3.652	18.255450
3.653	18.259802
3.654	18.264154
3.655	18.268506
3.656	18.272857
3.657	18.277208
3.658	18.281559
3.659	18.285909
3.660	18.290259
3.661	18.294608
3.662	18.298958
3.663	18.303307
3.664	18.307655
3.665	18.312003
3.666	18.316351
3.667	18.320699
3.668	18.325046
3.669	18.329392
3.670	18.333739
3.671	18.338085
3.672	18.342431
3.673	18.346776
3.674	18.351121
3.675	18.355466
3.676	18.359810
3.677	18.364154
3.678	18.368498
3.679	18.372841
3.680	18.377184
3.681	18.381527
3.682	18.385869
3.683	18.390211
3.684	18.394553
3.685	18.398894
3.686	18.403235
3.687	18.407576
3.688	18.411916
3.689	18.416256
3.690	18.420595
3.691	18.424935
3.692	18.429273
3.693	18.433612
3.694	18.437950
3.695	18.442288
3.696	18.446626
3.697	18.450963
3.698	18.455300
3.699	18.459636
3.700	18.463972
3.701	18.468308
3.702	18.472644
3.703	18.476979
3.704	18.481314
3.705	18.485648
3.706	18.489983
3.707	18.494316
3.708	18.498650
3.709	18.502983
3.710	18.507316
3.711	18.511648
3.712	18.515981
3.713	18.520313
3.714	18.524644
3.715	18.528975
3.716	18.533306
3.717	18.537637
3.718	18.541967
3.719	18.546297
3.720	18.550626
3.721	18.554955
3.722	18.559284
3.723	18.563613
3.724	18.567941
3.725	18.572269
3.726	18.576597
3.727	18.580924
3.728	18.585251
3.729	18.589577
3.730	18.593904
3.731	18.598229
3.732	18.602555
3.733	18.606880
3.734	18.611205
3.735	18.615530
3.736	18.619854
3.737	18.624178
3.738	18.628502
3.739	18.632825
3.740	18.637148
3.741	18.641471
3.742	18.645793
3.743	18.650115
3.744	18.654437
3.745	18.658758
3.746	18.663080
3.747	18.667400
3.748	18.671721
3.749	18.676041
3.750	18.680361
3.751	18.684680
3.752	18.688999
3.753	18.693318
3.754	18.697637
3.755	18.701955
3.756	18.706273
3.757	18.710590
3.758	18.714908
3.759	18.719225
3.760	18.723541
3.761	18.727857
3.762	18.732173
3.763	18.736489
3.764	18.740804
3.765	18.745120
3.766	18.749434
3.767	18.753749
3.768	18.758063
3.769	18.762377
3.770	18.766690
3.771	18.771003
3.772	18.775316
3.773	18.779628
3.774	18.783941
3.775	18.788253
3.776	18.792564
3.777	18.796875
3.778	18.801186
3.779	18.805497
3.780	18.809807
3.781	18.814118
3.782	18.818427
3.783	18.822737
3.784	18.827046
3.785	18.831355
3.786	18.835663
3.787	18.839971
3.788	18.844279
3.789	18.848587
3.790	18.852894
3.791	18.857201
3.792	18.861508
3.793	18.865814
3.794	18.870120
3.795	18.874426
3.796	18.878731
3.797	18.883036
3.798	18.887341
3.799	18.891645
3.800	18.895950
3.801	18.900254
3.802	18.904557
3.803	18.908860
3.804	18.913163
3.805	18.917466
3.806	18.921769
3.807	18.926071
3.808	18.930372
3.809	18.934674
3.810	18.938975
3.811	18.943276
3.812	18.947576
3.813	18.951877
3.814	18.956177
3.815	18.960476
3.816	18.964776
3.817	18.969075
3.818	18.973374
3.819	18.977672
3.820	18.981970
3.821	18.986268
3.822	18.990566
3.823	18.994863
3.824	18.999160
3.825	19.003457
3.826	19.007753
3.827	19.012049
3.828	19.016345
3.829	19.020641
3.830	19.024936
3.831	19.029231
3.832	19.033525
3.833	19.037820
3.834	19.042114
3.835	19.046407
3.836	19.050701
3.837	19.054994
3.838	19.059287
3.839	19.063579
3.840	19.067872
3.841	19.072164
3.842	19.076455
3.843	19.080747
3.844	19.085038
3.845	19.089329
3.846	19.093619
3.847	19.097909
3.848	19.102199
3.849	19.106489
3.850	19.110778
3.851	19.115067
3.852	19.119356
3.853	19.123645
3.854	19.127933
3.855	19.132221
3.856	19.136509
3.857	19.140796
3.858	19.145083
3.859	19.149370
3.860	19.153656
3.861	19.157942
3.862	19.162228
3.863	19.166514
3.864	19.170799
3.865	19.175084
3.866	19.179369
3.867	19.183654
3.868	19.187938
3.869	19.192222
3.870	19.196505
3.871	19.200789
3.872	19.205072
3.873	19.209355
3.874	19.213637
3.875	19.217919
3.876	19.222201
3.877	19.226483
3.878	19.230764
3.879	19.235045
3.880	19.239326
3.881	19.243607
3.882	19.247887
3.883	19.252167
3.884	19.256447
3.885	19.260726
3.886	19.265005
3.887	19.269284
3.888	19.273563
3.889	19.277841
3.890	19.282119
3.891	19.286397
3.892	19.290674
3.893	19.294951
3.894	19.299228
3.895	19.303505
3.896	19.307781
3.897	19.312057
3.898	19.316333
3.899	19.320609
3.900	19.324884
3.901	19.329159
3.902	19.333434
3.903	19.337708
3.904	19.341982
3.905	19.346256
3.906	19.350530
3.907	19.354803
3.908	19.359076
3.909	19.363349
3.910	19.367621
3.911	19.371894
3.912	19.376166
3.913	19.380437
3.914	19.384709
3.915	19.388980
3.916	19.393251
3.917	19.397521
3.918	19.401792
3.919	19.406062
3.920	19.410332
3.921	19.414601
3.922	19.418870
3.923	19.423139
3.924	19.427408
3.925	19.431677
3.926	19.435945
3.927	19.440213
3.928	19.444480
3.929	19.448748
3.930	19.453015
3.931	19.457282
3.932	19.461548
3.933	19.465815
3.934	19.470081
3.935	19.474346
3.936	19.478612
3.937	19.482877
3.938	19.487142
3.939	19.491407
3.940	19.495671
3.941	19.499936
3.942	19.504199
3.943	19.508463
3.944	19.512727
3.945	19.516990
3.946	19.521253
3.947	19.525515
3.948	19.529778
3.949	19.534040
3.950	19.538301
3.951	19.542563
3.952	19.546824
3.953	19.551085
3.954	19.555346
3.955	19.559607
3.956	19.563867
3.957	19.568127
3.958	19.572387
3.959	19.576646
3.960	19.580905
3.961	19.585164
3.962	19.589423
3.963	19.593682
3.964	19.597940
3.965	19.602198
3.966	19.606455
3.967	19.610713
3.968	19.614970
3.969	19.619227
3.970	19.623483
3.971	19.627740
3.972	19.631996
3.973	19.636252
3.974	19.640507
3.975	19.644763
3.976	19.649018
3.977	19.653273
3.978	19.657527
3.979	19.661782
3.980	19.666036
3.981	19.670290
3.982	19.674543
3.983	19.678797
3.984	19.683050
3.985	19.687302
3.986	19.691555
3.987	19.695807
3.988	19.700059
3.989	19.704311
3.990	19.708563
3.991	19.712814
3.992	19.717065
3.993	19.721316
3.994	19.725567
3.995	19.729817
3.996	19.734067
3.997	19.738317
3.998	19.742566
3.999	19.746816
4.000	19.751065
4.001	19.755313
4.002	19.759562
4.003	19.763810
4.004	19.768058
4.005	19.772306
4.006	19.776554
4.007	19.780801
4.008	19.785048
4.009	19.789295
4.010	19.793542
4.011	19.797788
4.012	19.802034
4.013	19.806280
4.014	19.810525
4.015	19.814771
4.016	19.819016
4.017	19.823261
4.018	19.827505
4.019	19.831750
4.020	19.835994
4.021	19.840238
4.022	19.844481
4.023	19.848725
4.024	19.852968
4.025	19.857211
4.026	19.861454
4.027	19.865696
4.028	19.869938
4.029	19.874180
4.030	19.878422
4.031	19.882663
4.032	19.886904
4.033	19.891145
4.034	19.895386
4.035	19.899627
4.036	19.903867
4.037	19.908107
4.038	19.912347
4.039	19.916586
4.040	19.920826
4.041	19.925065
4.042	19.929303
4.043	19.933542
4.044	19.937780
4.045	19.942018
4.046	19.946256
4.047	19.950494
4.048	19.954731
4.049	19.958968
4.050	19.963205
4.051	19.967442
4.052	19.971678
4.053	19.975915
4.054	19.980151
4.055	19.984386
4.056	19.988622
4.057	19.992857
4.058	19.997092
4.059	20.001327
4.060	20.005562
4.061	20.009796
4.062	20.014030
4.063	20.018264
4.064	20.022497
4.065	20.026731
4.066	20.030964
4.067	20.035197
4.068	20.039430
4.069	20.043662
4.070	20.047894
4.071	20.052126
4.072	20.056358
4.073	20.060589
4.074	20.064821
4.075	20.069052
4.076	20.073283
4.077	20.077513
4.078	20.081744
4.079	20.085974
4.080	20.090204
4.081	20.094433
4.082	20.098663
4.083	20.102892
4.084	20.107121
4.085	20.111350
4.086	20.115578
4.087	20.119807
4.088	20.124035
4.089	20.128263
4.090	20.132490
4.091	20.136718
4.092	20.140945
4.093	20.145172
4.094	20.149398
4.095	20.153625
4.096	20.157851
4.097	20.162077
4.098	20.166303
4.099	20.170529
4.100	20.174754
4.101	20.178979
4.102	20.183204
4.103	20.187429
4.104	20.191653
4.105	20.195877
4.106	20.200101
4.107	20.204325
4.108	20.208549
4.109	20.212772
4.110	20.216995
4.111	20.221218
4.112	20.225441
4.113	20.229663
4.114	20.233885
4.115	20.238107
4.116	20.242329
4.117	20.246551
4.118	20.250772
4.119	20.254993
4.120	20.259214
4.121	20.263435
4.122	20.267655
4.123	20.271876
4.124	20.276096
4.125	20.280315
4.126	20.284535
4.127	20.288754
4.128	20.292973
4.129	20.297192
4.130	20.301411
4.131	20.305629
4.132	20.309848
4.133	20.314066
4.134	20.318284
4.135	20.322501
4.136	20.326719
4.137	20.330936
4.138	20.335153
4.139	20.339369
4.140	20.343586
4.141	20.347802
4.142	20.352018
4.143	20.356234
4.144	20.360450
4.145	20.364665
4.146	20.368881
4.147	20.373096
4.148	20.377310
4.149	20.381525
4.150	20.385739
4.151	20.389954
4.152	20.394167
4.153	20.398381
4.154	20.402595
4.155	20.406808
4.156	20.411021
4.157	20.415234
4.158	20.419447
4.159	20.423659
4.160	20.427871
4.161	20.432083
4.162	20.436295
4.163	20.440507
4.164	20.444718
4.165	20.448929
4.166	20.453140
4.167	20.457351
4.168	20.461562
4.169	20.465772
4.170	20.469982
4.171	20.474192
4.172	20.478402
4.173	20.482611
4.174	20.486820
4.175	20.491029
4.176	20.495238
4.177	20.499447
4.178	20.503655
4.179	20.507864
4.180	20.512072
4.181	20.516280
4.182	20.520487
4.183	20.524695
4.184	20.528902
4.185	20.533109
4.186	20.537316
4.187	20.541522
4.188	20.545729
4.189	20.549935
4.190	20.554141
4.191	20.558346
4.192	20.562552
4.193	20.566757
4.194	20.570962
4.195	20.575167
4.196	20.579372
4.197	20.583577
4.198	20.587781
4.199	20.591985
4.200	20.596189
4.201	20.600393
4.202	20.604596
4.203	20.608799
4.204	20.613003
4.205	20.617205
4.206	20.621408
4.207	20.625611
4.208	20.629813
4.209	20.634015
4.210	20.638217
4.211	20.642419
4.212	20.646620
4.213	20.650821
4.214	20.655022
4.215	20.659223
4.216	20.663424
4.217	20.667624
4.218	20.671825
4.219	20.676025
4.220	20.680225
4.221	20.684424
4.222	20.688624
4.223	20.692823
4.224	20.697022
4.225	20.701221
4.226	20.705420
4.227	20.709618
4.228	20.713817
4.229	20.718015
4.230	20.722213
4.231	20.726410
4.232	20.730608
4.233	20.734805
4.234	20.739002
4.235	20.743199
4.236	20.747396
4.237	20.751592
4.238	20.755788
4.239	20.759985
4.240	20.764181
4.241	20.768376
4.242	20.772572
4.243	20.776767
4.244	20.780962
4.245	20.785157
4.246	20.789352
4.247	20.793546
4.248	20.797741
4.249	20.801935
4.250	20.806129
4.251	20.810323
4.252	20.814516
4.253	20.818710
4.254	20.822903
4.255	20.827096
4.256	20.831289
4.257	20.835481
4.258	20.839674
4.259	20.843866
4.260	20.848058
4.261	20.852250
4.262	20.856442
4.263	20.860633
4.264	20.864824
4.265	20.869015
4.266	20.873206
4.267	20.877397
4.268	20.881587
4.269	20.885778
4.270	20.889968
4.271	20.894158
4.272	20.898348
4.273	20.902537
4.274	20.906726
4.275	20.910916
4.276	20.915105
4.277	20.919293
4.278	20.923482
4.279	20.927670
4.280	20.931859
4.281	20.936047
4.282	20.940235
4.283	20.944422
4.284	20.948610
4.285	20.952797
4.286	20.956984
4.287	20.961171
4.288	20.965358
4.289	20.969544
4.290	20.973731
4.291	20.977917
4.292	20.982103
4.293	20.986289
4.294	20.990474
4.295	20.994660
4.296	20.998845
4.297	21.003030
4.298	21.007215
4.299	21.011400
4.300	21.015584
4.301	21.019768
4.302	21.023953
4.303	21.028137
4.304	21.032320
4.305	21.036504
4.306	21.040687
4.307	21.044871
4.308	21.049054
4.309	21.053236
4.310	21.057419
4.311	21.061602
4.312	21.065784
4.313	21.069966
4.314	21.074148
4.315	21.078330
4.316	21.082511
4.317	21.086693
4.318	21.090874
4.319	21.095055
4.320	21.099236
4.321	21.103417
4.322	21.107597
4.323	21.111777
4.324	21.115957
4.325	21.120137
4.326	21.124317
4.327	21.128497
4.328	21.132676
4.329	21.136855
4.330	21.141034
4.331	21.145213
4.332	21.149392
4.333	21.153571
4.334	21.157749
4.335	21.161927
4.336	21.166105
4.337	21.170283
4.338	21.174460
4.339	21.178638
4.340	21.182815
4.341	21.186992
4.342	21.191169
4.343	21.195346
4.344	21.199523
4.345	21.203699
4.346	21.207875
4.347	21.212051
4.348	21.216227
4.349	21.220403
4.350	21.224578
4.351	21.228754
4.352	21.232929
4.353	21.237104
4.354	21.241279
4.355	21.245453
4.356	21.249628
4.357	21.253802
4.358	21.257976
4.359	21.262150
4.360	21.266324
4.361	21.270497
4.362	21.274671
4.363	21.278844
4.364	21.283017
4.365	21.287190
4.366	21.291363
4.367	21.295535
4.368	21.299708
4.369	21.303880
4.370	21.308052
4.371	21.312224
4.372	21.316395
4.373	21.320567
4.374	21.324738
4.375	21.328909
4.376	21.333080
4.377	21.337251
4.378	21.341422
4.379	21.345592
4.380	21.349763
4.381	21.353933
4.382	21.358103
4.383	21.362273
4.384	21.366442
4.385	21.370612
4.386	21.374781
4.387	21.378950
4.388	21.383119
4.389	21.387288
4.390	21.391457
4.391	21.395625
4.392	21.399793
4.393	21.403961
4.394	21.408129
4.395	21.412297
4.396	21.416465
4.397	21.420632
4.398	21.424800
4.399	21.428967
4.400	21.433134
4.401	21.437300
4.402	21.441467
4.403	21.445633
4.404	21.449800
4.405	21.453966
4.406	21.458132
4.407	21.462298
4.408	21.466463
4.409	21.470629
4.410	21.474794
4.411	21.478959
4.412	21.483124
4.413	21.487289
4.414	21.491454
4.415	21.495618
4.416	21.499782
4.417	21.503946
4.418	21.508110
4.419	21.512274
4.420	21.516438
4.421	21.520601
4.422	21.524765
4.423	21.528928
4.424	21.533091
4.425	21.537254
4.426	21.541416
4.427	21.545579
4.428	21.549741
4.429	21.553903
4.430	21.558065
4.431	21.562227
4.432	21.566389
4.433	21.570550
4.434	21.574712
4.435	21.578873
4.436	21.583034
4.437	21.587195
4.438	21.591356
4.439	21.595516
4.440	21.599677
4.441	21.603837
4.442	21.607997
4.443	21.612157
4.444	21.616317
4.445	21.620476
4.446	21.624636
4.447	21.628795
4.448	21.632954
4.449	21.637113
4.450	21.641272
4.451	21.645430
4.452	21.649589
4.453	21.653747
4.454	21.657905
4.455	21.662063
4.456	21.666221
4.457	21.670379
4.458	21.674537
4.459	21.678694
4.460	21.682851
4.461	21.687008
4.462	21.691165
4.463	21.695322
4.464	21.699479
4.465	21.703635
4.466	21.707791
4.467	21.711947
4.468	21.716103
4.469	21.720259
4.470	21.724415
4.471	21.728570
4.472	21.732726
4.473	21.736881
4.474	21.741036
4.475	21.745191
4.476	21.749346
4.477	21.753500
4.478	21.757655
4.479	21.761809
4.480	21.765963
4.481	21.770117
4.482	21.774271
4.483	21.778424
4.484	21.782578
4.485	21.786731
4.486	21.790884
4.487	21.795037
4.488	21.799190
4.489	21.803343
4.490	21.807496
4.491	21.811648
4.492	21.815800
4.493	21.819952
4.494	21.824104
4.495	21.828256
4.496	21.832408
4.497	21.836559
4.498	21.840711
4.499	21.844862
4.500	21.849013
4.501	21.853164
4.502	21.857315
4.503	21.861465
4.504	21.865616
4.505	21.869766
4.506	21.873916
4.507	21.878066
4.508	21.882216
4.509	21.886366
4.510	21.890515
4.511	21.894665
4.512	21.898814
4.513	21.902963
4.514	21.907112
4.515	21.911261
4.516	21.915410
4.517	21.919558
4.518	21.923707
4.519	21.927855
4.520	21.932003
4.521	21.936151
4.522	21.940299
4.523	21.944446
4.524	21.948594
4.525	21.952741
4.526	21.956888
4.527	21.961035
4.528	21.965182
4.529	21.969329
4.530	21.973475
4.531	21.977622
4.532	21.981768
4.533	21.985914
4.534	21.990060
4.535	21.994206
4.536	21.998352
4.537	22.002498
4.538	22.006643
4.539	22.010788
4.540	22.014933
4.541	22.019078
4.542	22.023223
4.543	22.027368
4.544	22.031512
4.545	22.035657
4.546	22.039801
4.547	22.043945
4.548	22.048089
4.549	22.052233
4.550	22.056377
4.551	22.060520
4.552	22.064664
4.553	22.068807
4.554	22.072950
4.555	22.077093
4.556	22.081236
4.557	22.085379
4.558	22.089521
4.559	22.093664
4.560	22.097806
4.561	22.101948
4.562	22.106090
4.563	22.110232
4.564	22.114374
4.565	22.118515
4.566	22.122656
4.567	22.126798
4.568	22.130939
4.569	22.135080
4.570	22.139221
4.571	22.143361
4.572	22.147502
4.573	22.151642
4.574	22.155783
4.575	22.159923
4.576	22.164063
4.577	22.168203
4.578	22.172342
4.579	22.176482
4.580	22.180622
4.581	22.184761
4.582	22.188900
4.583	22.193039
4.584	22.197178
4.585	22.201317
4.586	22.205455
4.587	22.209594
4.588	22.213732
4.589	22.217870
4.590	22.222008
4.591	22.226146
4.592	22.230284
4.593	22.234422
4.594	22.238559
4.595	22.242697
4.596	22.246834
4.597	22.250971
4.598	22.255108
4.599	22.259245
4.600	22.263381
4.601	22.267518
4.602	22.271654
4.603	22.275791
4.604	22.279927
4.605	22.284063
4.606	22.288199
4.607	22.292334
4.608	22.296470
4.609	22.300605
4.610	22.304741
4.611	22.308876
4.612	22.313011
4.613	22.317146
4.614	22.321281
4.615	22.325415
4.616	22.329550
4.617	22.333684
4.618	22.337819
4.619	22.341953
4.620	22.346087
4.621	22.350220
4.622	22.354354
4.623	22.358488
4.624	22.362621
4.625	22.366755
4.626	22.370888
4.627	22.375021
4.628	22.379154
4.629	22.383286
4.630	22.387419
4.631	22.391552
4.632	22.395684
4.633	22.399816
4.634	22.403948
4.635	22.408080
4.636	22.412212
4.637	22.416344
4.638	22.420475
4.639	22.424607
4.640	22.428738
4.641	22.432869
4.642	22.437001
4.643	22.441131
4.644	22.445262
4.645	22.449393
4.646	22.453523
4.647	22.457654
4.648	22.461784
4.649	22.465914
4.650	22.470044
4.651	22.474174
4.652	22.478304
4.653	22.482434
4.654	22.486563
4.655	22.490693
4.656	22.494822
4.657	22.498951
4.658	22.503080
4.659	22.507209
4.660	22.511337
4.661	22.515466
4.662	22.519595
4.663	22.523723
4.664	22.527851
4.665	22.531979
4.666	22.536107
4.667	22.540235
4.668	22.544363
4.669	22.548490
4.670	22.552618
4.671	22.556745
4.672	22.560872
4.673	22.564999
4.674	22.569126
4.675	22.573253
4.676	22.577380
4.677	22.581506
4.678	22.585633
4.679	22.589759
4.680	22.593885
4.681	22.598011
4.682	22.602137
4.683	22.606263
4.684	22.610389
4.685	22.614514
4.686	22.618640
4.687	22.622765
4.688	22.626890
4.689	22.631015
4.690	22.635140
4.691	22.639265
4.692	22.643389
4.693	22.647514
4.694	22.651638
4.695	22.655763
4.696	22.659887
4.697	22.664011
4.698	22.668135
4.699	22.672259
4.700	22.676382
4.701	22.680506
4.702	22.684629
4.703	22.688753
4.704	22.692876
4.705	22.696999
4.706	22.701122
4.707	22.705245
4.708	22.709367
4.709	22.713490
4.710	22.717612
4.711	22.721735
4.712	22.725857
4.713	22.729979
4.714	22.734101
4.715	22.738223
4.716	22.742345
4.717	22.746466
4.718	22.750588
4.719	22.754709
4.720	22.758830
4.721	22.762951
4.722	22.767072
4.723	22.771193
4.724	22.775314
4.725	22.779434
4.726	22.783555
4.727	22.787675
4.728	22.791796
4.729	22.795916
4.730	22.800036
4.731	22.804156
4.732	22.808276
4.733	22.812395
4.734	22.816515
4.735	22.820634
4.736	22.824753
4.737	22.828873
4.738	22.832992
4.739	22.837111
4.740	22.841229
4.741	22.845348
4.742	22.849467
4.743	22.853585
4.744	22.857704
4.745	22.861822
4.746	22.865940
4.747	22.870058
4.748	22.874176
4.749	22.878294
4.750	22.882411
4.751	22.886529
4.752	22.890646
4.753	22.894764
4.754	22.898881
4.755	22.902998
4.756	22.907115
4.757	22.911232
4.758	22.915348
4.759	22.919465
4.760	22.923581
4.761	22.927698
4.762	22.931814
4.763	22.935930
4.764	22.940046
4.765	22.944162
4.766	22.948278
4.767	22.952393
4.768	22.956509
4.769	22.960624
4.770	22.964740
4.771	22.968855
4.772	22.972970
4.773	22.977085
4.774	22.981200
4.775	22.985315
4.776	22.989429
4.777	22.993544
4.778	22.997658
4.779	23.001772
4.780	23.005887
4.781	23.010001
4.782	23.014115
4.783	23.018228
4.784	23.022342
4.785	23.026456
4.786	23.030569
4.787	23.034683
4.788	23.038796
4.789	23.042909
4.790	23.047022
4.791	23.051135
4.792	23.055248
4.793	23.059360
4.794	23.063473
4.795	23.067585
4.796	23.071698
4.797	23.075810
4.798	23.079922
4.799	23.084034
4.800	23.088146
4.801	23.092258
4.802	23.096370
4.803	23.100481
4.804	23.104593
4.805	23.108704
4.806	23.112815
4.807	23.116926
4.808	23.121037
4.809	23.125148
4.810	23.129259
4.811	23.133370
4.812	23.137480
4.813	23.141591
4.814	23.145701
4.815	23.149811
4.816	23.153922
4.817	23.158032
4.818	23.162141
4.819	23.166251
4.820	23.170361
4.821	23.174471
4.822	23.178580
4.823	23.182689
4.824	23.186799
4.825	23.190908
4.826	23.195017
4.827	23.199126
4.828	23.203235
4.829	23.207343
4.830	23.211452
4.831	23.215560
4.832	23.219669
4.833	23.223777
4.834	23.227885
4.835	23.231993
4.836	23.236101
4.837	23.240209
4.838	23.244317
4.839	23.248424
4.840	23.252532
4.841	23.256639
4.842	23.260747
4.843	23.264854
4.844	23.268961
4.845	23.273068
4.846	23.277175
4.847	23.281282
4.848	23.285388
4.849	23.289495
4.850	23.293601
4.851	23.297708
4.852	23.301814
4.853	23.305920
4.854	23.310026
4.855	23.314132
4.856	23.318238
4.857	23.322344
4.858	23.326449
4.859	23.330555
4.860	23.334660
4.861	23.338765
4.862	23.342870
4.863	23.346976
4.864	23.351081
4.865	23.355185
4.866	23.359290
4.867	23.363395
4.868	23.367499
4.869	23.371604
4.870	23.375708
4.871	23.379812
4.872	23.383917
4.873	23.388021
4.874	23.392124
4.875	23.396228
4.876	23.400332
4.877	23.404436
4.878	23.408539
4.879	23.412643
4.880	23.416746
4.881	23.420849
4.882	23.424952
4.883	23.429055
4.884	23.433158
4.885	23.437261
4.886	23.441364
4.887	23.445466
4.888	23.449569
4.889	23.453671
4.890	23.457773
4.891	23.461875
4.892	23.465978
4.893	23.470079
4.894	23.474181
4.895	23.478283
4.896	23.482385
4.897	23.486486
4.898	23.490588
4.899	23.494689
4.900	23.498790
4.901	23.502892
4.902	23.506993
4.903	23.511094
4.904	23.515194
4.905	23.519295
4.906	23.523396
4.907	23.527496
4.908	23.531597
4.909	23.535697
4.910	23.539797
4.911	23.543898
4.912	23.547998
4.913	23.552098
4.914	23.556198
4.915	23.560297
4.916	23.564397
4.917	23.568496
4.918	23.572596
4.919	23.576695
4.920	23.580795
4.921	23.584894
4.922	23.588993
4.923	23.593092
4.924	23.597191
4.925	23.601289
4.926	23.605388
4.927	23.609487
4.928	23.613585
4.929	23.617683
4.930	23.621782
4.931	23.625880
4.932	23.629978
4.933	23.634076
4.934	23.638174
4.935	23.642272
4.936	23.646369
4.937	23.650467
4.938	23.654564
4.939	23.658662
4.940	23.662759
4.941	23.666856
4.942	23.670953
4.943	23.675050
4.944	23.679147
4.945	23.683244
4.946	23.687341
4.947	23.691437
4.948	23.695534
4.949	23.699630
4.950	23.703726
4.951	23.707823
4.952	23.711919
4.953	23.716015
4.954	23.720111
4.955	23.724207
4.956	23.728302
4.957	23.732398
4.958	23.736494
4.959	23.740589
4.960	23.744684
4.961	23.748780
4.962	23.752875
4.963	23.756970
4.964	23.761065
4.965	23.765160
4.966	23.769255
4.967	23.773349
4.968	23.777444
4.969	23.781538
4.970	23.785633
4.971	23.789727
4.972	23.793821
4.973	23.797916
4.974	23.802010
4.975	23.806103
4.976	23.810197
4.977	23.814291
4.978	23.818385
4.979	23.822478
4.980	23.826572
4.981	23.830665
4.982	23.834758
4.983	23.838852
4.984	23.842945
4.985	23.847038
4.986	23.851131
4.987	23.855224
4.988	23.859316
4.989	23.863409
4.990	23.867501
4.991	23.871594
4.992	23.875686
4.993	23.879779
4.994	23.883871
4.995	23.887963
4.996	23.892055
4.997	23.896147
4.998	23.900238
4.999	23.904330
5.000	23.908422
5.001	23.912513
5.002	23.916605
5.003	23.920696
5.004	23.924787
5.005	23.928879
5.006	23.932970
5.007	23.937061
5.008	23.941152
5.009	23.945242
5.010	23.949333
5.011	23.953424
5.012	23.957514
5.013	23.961605
5.014	23.965695
5.015	23.969785
5.016	23.973875
5.017	23.977965
5.018	23.982055
5.019	23.986145
5.020	23.990235
5.021	23.994325
5.022	23.998415
5.023	24.002504
5.024	24.006594
5.025	24.010683
5.026	24.014772
5.027	24.018861
5.028	24.022950
5.029	24.027039
5.030	24.031128
5.031	24.035217
5.032	24.039306
5.033	24.043395
5.034	24.047483
5.035	24.051572
5.036	24.055660
5.037	24.059748
5.038	24.063836
5.039	24.067925
5.040	24.072013
5.041	24.076101
5.042	24.080188
5.043	24.084276
5.044	24.088364
5.045	24.092451
5.046	24.096539
5.047	24.100626
5.048	24.104714
5.049	24.108801
5.050	24.112888
5.051	24.116975
5.052	24.121062
5.053	24.125149
5.054	24.129236
5.055	24.133323
5.056	24.137409
5.057	24.141496
5.058	24.145582
5.059	24.149669
5.060	24.153755
5.061	24.157841
5.062	24.161927
5.063	24.166013
5.064	24.170099
5.065	24.174185
5.066	24.178271
5.067	24.182357
5.068	24.186442
5.069	24.190528
5.070	24.194613
5.071	24.198698
5.072	24.202784
5.073	24.206869
5.074	24.210954
5.075	24.215039
5.076	24.219124
5.077	24.223209
5.078	24.227293
5.079	24.231378
5.080	24.235463
5.081	24.239547
5.082	24.243632
5.083	24.247716
5.084	24.251800
5.085	24.255884
5.086	24.259968
5.087	24.264052
5.088	24.268136
5.089	24.272220
5.090	24.276304
5.091	24.280387
5.092	24.284471
5.093	24.288555
5.094	24.292638
5.095	24.296721
5.096	24.300805
5.097	24.304888
5.098	24.308971
5.099	24.313054
5.100	24.317137
5.101	24.321219
5.102	24.325302
5.103	24.329385
5.104	24.333467
5.105	24.337550
5.106	24.341632
5.107	24.345715
5.108	24.349797
5.109	24.353879
5.110	24.357961
5.111	24.362043
5.112	24.366125
5.113	24.370207
5.114	24.374289
5.115	24.378370
5.116	24.382452
5.117	24.386533
5.118	24.390615
5.119	24.394696
5.120	24.398777
5.121	24.402859
5.122	24.406940
5.123	24.411021
5.124	24.415102
5.125	24.419183
5.126	24.423263
5.127	24.427344
5.128	24.431425
5.129	24.435505
5.130	24.439586
5.131	24.443666
5.132	24.447746
5.133	24.451826
5.134	24.455907
5.135	24.459987
5.136	24.464067
5.137	24.468147
5.138	24.472226
5.139	24.476306
5.140	24.480386
5.141	24.484465
5.142	24.488545
5.143	24.492624
5.144	24.496704
5.145	24.500783
5.146	24.504862
5.147	24.508941
5.148	24.513020
5.149	24.517099
5.150	24.521178
5.151	24.525257
5.152	24.529335
5.153	24.533414
5.154	24.537493
5.155	24.541571
5.156	24.545649
5.157	24.549728
5.158	24.553806
5.159	24.557884
5.160	24.561962
5.161	24.566040
5.162	24.570118
5.163	24.574196
5.164	24.578274
5.165	24.582351
5.166	24.586429
5.167	24.590507
5.168	24.594584
5.169	24.598661
5.170	24.602739
5.171	24.606816
5.172	24.610893
5.173	24.614970
5.174	24.619047
5.175	24.623124
5.176	24.627201
5.177	24.631278
5.178	24.635354
5.179	24.639431
5.180	24.643507
5.181	24.647584
5.182	24.651660
5.183	24.655737
5.184	24.659813
5.185	24.663889
5.186	24.667965
5.187	24.672041
5.188	24.676117
5.189	24.680193
5.190	24.684269
5.191	24.688344
5.192	24.692420
5.193	24.696495
5.194	24.700571
5.195	24.704646
5.196	24.708722
5.197	24.712797
5.198	24.716872
5.199	24.720947
5.200	24.725022
5.201	24.729097
5.202	24.733172
5.203	24.737247
5.204	24.741321
5.205	24.745396
5.206	24.749471
5.207	24.753545
5.208	24.757620
5.209	24.761694
5.210	24.765768
5.211	24.769842
5.212	24.773916
5.213	24.777991
5.214	24.782064
5.215	24.786138
5.216	24.790212
5.217	24.794286
5.218	24.798360
5.219	24.802433
5.220	24.806507
5.221	24.810580
5.222	24.814654
5.223	24.818727
5.224	24.822800
5.225	24.826873
5.226	24.830946
5.227	24.835019
5.228	24.839092
5.229	24.843165
5.230	24.847238
5.231	24.851311
5.232	24.855383
5.233	24.859456
5.234	24.863529
5.235	24.867601
5.236	24.871673
5.237	24.875746
5.238	24.879818
5.239	24.883890
5.240	24.887962
5.241	24.892034
5.242	24.896106
5.243	24.900178
5.244	24.904250
5.245	24.908321
5.246	24.912393
5.247	24.916465
5.248	24.920536
5.249	24.924607
5.250	24.928679
5.251	24.932750
5.252	24.936821
5.253	24.940892
5.254	24.944964
5.255	24.949035
5.256	24.953105
5.257	24.957176
5.258	24.961247
5.259	24.965318
5.260	24.969388
5.261	24.973459
5.262	24.977530
5.263	24.981600
5.264	24.985670
5.265	24.989741
5.266	24.993811
5.267	24.997881
5.268	25.001951
5.269	25.006021
5.270	25.010091
5.271	25.014161
5.272	25.018231
5.273	25.022300
5.274	25.026370
5.275	25.030440
5.276	25.034509
5.277	25.038579
5.278	25.042648
5.279	25.046717
5.280	25.050787
5.281	25.054856
5.282	25.058925
5.283	25.062994
5.284	25.067063
5.285	25.071132
5.286	25.075201
5.287	25.079269
5.288	25.083338
5.289	25.087407
5.290	25.091475
5.291	25.095544
5.292	25.099612
5.293	25.103681
5.294	25.107749
5.295	25.111817
5.296	25.115885
5.297	25.119953
5.298	25.124021
5.299	25.128089
5.300	25.132157
5.301	25.136225
5.302	25.140293
5.303	25.144360
5.304	25.148428
5.305	25.152496
5.306	25.156563
5.307	25.160630
5.308	25.164698
5.309	25.168765
5.310	25.172832
5.311	25.176899
5.312	25.180966
5.313	25.185033
5.314	25.189100
5.315	25.193167
5.316	25.197234
5.317	25.201301
5.318	25.205367
5.319	25.209434
5.320	25.213501
5.321	25.217567
5.322	25.221633
5.323	25.225700
5.324	25.229766
5.325	25.233832
5.326	25.237898
5.327	25.241964
5.328	25.246030
5.329	25.250096
5.330	25.254162
5.331	25.258228
5.332	25.262294
5.333	25.266359
5.334	25.270425
5.335	25.274491
5.336	25.278556
5.337	25.282622
5.338	25.286687
5.339	25.290752
5.340	25.294817
5.341	25.298883
5.342	25.302948
5.343	25.307013
5.344	25.311078
5.345	25.315142
5.346	25.319207
5.347	25.323272
5.348	25.327337
5.349	25.331401
5.350	25.335466
5.351	25.339530
5.352	25.343595
5.353	25.347659
5.354	25.351724
5.355	25.355788
5.356	25.359852
5.357	25.363916
5.358	25.367980
5.359	25.372044
5.360	25.376108
5.361	25.380172
5.362	25.384236
5.363	25.388299
5.364	25.392363
5.365	25.396427
5.366	25.400490
5.367	25.404554
5.368	25.408617
5.369	25.412681
5.370	25.416744
5.371	25.420807
5.372	25.424870
5.373	25.428933
5.374	25.432996
5.375	25.437059
5.376	25.441122
5.377	25.445185
5.378	25.449248
5.379	25.453311
5.380	25.457373
5.381	25.461436
5.382	25.465498
5.383	25.469561
5.384	25.473623
5.385	25.477686
5.386	25.481748
5.387	25.485810
5.388	25.489872
5.389	25.493934
5.390	25.497996
5.391	25.502058
5.392	25.506120
5.393	25.510182
5.394	25.514244
5.395	25.518306
5.396	25.522367
5.397	25.526429
5.398	25.530490
5.399	25.534552
5.400	25.538613
5.401	25.542675
5.402	25.546736
5.403	25.550797
5.404	25.554858
5.405	25.558919
5.406	25.562981
5.407	25.567042
5.408	25.571102
5.409	25.575163
5.410	25.579224
5.411	25.583285
5.412	25.587346
5.413	25.591406
5.414	25.595467
5.415	25.599527
5.416	25.603588
5.417	25.607648
5.418	25.611708
5.419	25.615769
5.420	25.619829
5.421	25.623889
5.422	25.627949
5.423	25.632009
5.424	25.636069
5.425	25.640129
5.426	25.644189
5.427	25.648249
5.428	25.652308
5.429	25.656368
5.430	25.660428
5.431	25.664487
5.432	25.668547
5.433	25.672606
5.434	25.676665
5.435	25.680725
5.436	25.684784
5.437	25.688843
5.438	25.692902
5.439	25.696961
5.440	25.701020
5.441	25.705079
5.442	25.709138
5.443	25.713197
5.444	25.717256
5.445	25.721314
5.446	25.725373
5.447	25.729432
5.448	25.733490
5.449	25.737549
5.450	25.741607
5.451	25.745666
5.452	25.749724
5.453	25.753782
5.454	25.757840
5.455	25.761898
5.456	25.765956
5.457	25.770014
5.458	25.774072
5.459	25.778130
5.460	25.782188
5.461	25.786246
5.462	25.790304
5.463	25.794361
5.464	25.798419
5.465	25.802477
5.466	25.806534
5.467	25.810591
5.468	25.814649
5.469	25.818706
5.470	25.822763
5.471	25.826821
5.472	25.830878
5.473	25.834935
5.474	25.838992
5.475	25.843049
5.476	25.847106
5.477	25.851163
5.478	25.855219
5.479	25.859276
5.480	25.863333
5.481	25.867390
5.482	25.871446
5.483	25.875503
5.484	25.879559
5.485	25.883616
5.486	25.887672
5.487	25.891728
5.488	25.895784
5.489	25.899841
5.490	25.903897
5.491	25.907953
5.492	25.912009
5.493	25.916065
5.494	25.920121
5.495	25.924177
5.496	25.928232
5.497	25.932288
5.498	25.936344
5.499	25.940399
5.500	25.944455
5.501	25.948511
5.502	25.952566
5.503	25.956621
5.504	25.960677
5.505	25.964732
5.506	25.968787
5.507	25.972842
5.508	25.976898
5.509	25.980953
5.510	25.985008
5.511	25.989063
5.512	25.993118
5.513	25.997172
5.514	26.001227
5.515	26.005282
5.516	26.009337
5.517	26.013391
5.518	26.017446
5.519	26.021500
5.520	26.025555
5.521	26.029609
5.522	26.033664
5.523	26.037718
5.524	26.041772
5.525	26.045826
5.526	26.049881
5.527	26.053935
5.528	26.057989
5.529	26.062043
5.530	26.066097
5.531	26.070150
5.532	26.074204
5.533	26.078258
5.534	26.082312
5.535	26.086365
5.536	26.090419
5.537	26.094473
5.538	26.098526
5.539	26.102580
5.540	26.106633
5.541	26.110686
5.542	26.114740
5.543	26.118793
5.544	26.122846
5.545	26.126899
5.546	26.130952
5.547	26.135005
5.548	26.139058
5.549	26.143111
5.550	26.147164
5.551	26.151217
5.552	26.155270
5.553	26.159322
5.554	26.163375
5.555	26.167427
5.556	26.171480
5.557	26.175533
5.558	26.179585
5.559	26.183637
5.560	26.187690
5.561	26.191742
5.562	26.195794
5.563	26.199846
5.564	26.203899
5.565	26.207951
5.566	26.212003
5.567	26.216055
5.568	26.220107
5.569	26.224158
5.570	26.228210
5.571	26.232262
5.572	26.236314
5.573	26.240365
5.574	26.244417
5.575	26.248469
5.576	26.252520
5.577	26.256571
5.578	26.260623
5.579	26.264674
5.580	26.268726
5.581	26.272777
5.582	26.276828
5.583	26.280879
5.584	26.284930
5.585	26.288981
5.586	26.293032
5.587	26.297083
5.588	26.301134
5.589	26.305185
5.590	26.309236
5.591	26.313286
5.592	26.317337
5.593	26.321388
5.594	26.325438
5.595	26.329489
5.596	26.333539
5.597	26.337590
5.598	26.341640
5.599	26.345691
5.600	26.349741
5.601	26.353791
5.602	26.357841
5.603	26.361891
5.604	26.365941
5.605	26.369991
5.606	26.374041
5.607	26.378091
5.608	26.382141
5.609	26.386191
5.610	26.390241
5.611	26.394291
5.612	26.398340
5.613	26.402390
5.614	26.406440
5.615	26.410489
5.616	26.414539
5.617	26.418588
5.618	26.422637
5.619	26.426687
5.620	26.430736
5.621	26.434785
5.622	26.438834
5.623	26.442884
5.624	26.446933
5.625	26.450982
5.626	26.455031
5.627	26.459080
5.628	26.463129
5.629	26.467177
5.630	26.471226
5.631	26.475275
5.632	26.479324
5.633	26.483372
5.634	26.487421
5.635	26.491469
5.636	26.495518
5.637	26.499566
5.638	26.503615
5.639	26.507663
5.640	26.511712
5.641	26.515760
5.642	26.519808
5.643	26.523856
5.644	26.527904
5.645	26.531952
5.646	26.536000
5.647	26.540048
5.648	26.544096
5.649	26.548144
5.650	26.552192
5.651	26.556240
5.652	26.560288
5.653	26.564335
5.654	26.568383
5.655	26.572430
5.656	26.576478
5.657	26.580525
5.658	26.584573
5.659	26.588620
5.660	26.592668
5.661	26.596715
5.662	26.600762
5.663	26.604809
5.664	26.608857
5.665	26.612904
5.666	26.616951
5.667	26.620998
5.668	26.625045
5.669	26.629092
5.670	26.633139
5.671	26.637185
5.672	26.641232
5.673	26.645279
5.674	26.649326
5.675	26.653372
5.676	26.657419
5.677	26.661466
5.678	26.665512
5.679	26.669559
5.680	26.673605
5.681	26.677651
5.682	26.681698
5.683	26.685744
5.684	26.689790
5.685	26.693836
5.686	26.697882
5.687	26.701929
5.688	26.705975
5.689	26.710021
5.690	26.714067
5.691	26.718112
5.692	26.722158
5.693	26.726204
5.694	26.730250
5.695	26.734296
5.696	26.738341
5.697	26.742387
5.698	26.746433
5.699	26.750478
5.700	26.754524
5.701	26.758569
5.702	26.762614
5.703	26.766660
5.704	26.770705
5.705	26.774750
5.706	26.778796
5.707	26.782841
5.708	26.786886
5.709	26.790931
5.710	26.794976
5.711	26.799021
5.712	26.803066
5.713	26.807111
5.714	26.811156
5.715	26.815201
5.716	26.819245
5.717	26.823290
5.718	26.827335
5.719	26.831380
5.720	26.835424
5.721	26.839469
5.722	26.843513
5.723	26.847558
5.724	26.851602
5.725	26.855646
5.726	26.859691
5.727	26.863735
5.728	26.867779
5.729	26.871823
5.730	26.875868
5.731	26.879912
5.732	26.883956
5.733	26.888000
5.734	26.892044
5.735	26.896088
5.736	26.900132
5.737	26.904175
5.738	26.908219
5.739	26.912263
5.740	26.916307
5.741	26.920350
5.742	26.924394
5.743	26.928438
5.744	26.932481
5.745	26.936525
5.746	26.940568
5.747	26.944612
5.748	26.948655
5.749	26.952698
5.750	26.956742
5.751	26.960785
5.752	26.964828
5.753	26.968871
5.754	26.972914
5.755	26.976957
5.756	26.981000
5.757	26.985043
5.758	26.989086
5.759	26.993129
5.760	26.997172
5.761	27.001215
5.762	27.005258
5.763	27.009300
5.764	27.013343
5.765	27.017386
5.766	27.021428
5.767	27.025471
5.768	27.029513
5.769	27.033556
5.770	27.037598
5.771	27.041640
5.772	27.045683
5.773	27.049725
5.774	27.053767
5.775	27.057810
5.776	27.061852
5.777	27.065894
5.778	27.069936
5.779	27.073978
5.780	27.078020
5.781	27.082062
5.782	27.086104
5.783	27.090146
5.784	27.094188
5.785	27.098229
5.786	27.102271
5.787	27.106313
5.788	27.110355
5.789	27.114396
5.790	27.118438
5.791	27.122479
5.792	27.126521
5.793	27.130562
5.794	27.134604
5.795	27.138645
5.796	27.142686
5.797	27.146728
5.798	27.150769
5.799	27.154810
5.800	27.158851
5.801	27.162892
5.802	27.166933
5.803	27.170975
5.804	27.175016
5.805	27.179056
5.806	27.183097
5.807	27.187138
5.808	27.191179
5.809	27.195220
5.810	27.199261
5.811	27.203301
5.812	27.207342
5.813	27.211383
5.814	27.215423
5.815	27.219464
5.816	27.223504
5.817	27.227545
5.818	27.231585
5.819	27.235626
5.820	27.239666
5.821	27.243706
5.822	27.247747
5.823	27.251787
5.824	27.255827
5.825	27.259867
5.826	27.263907
5.827	27.267947
5.828	27.271987
5.829	27.276027
5.830	27.280067
5.831	27.284107
5.832	27.288147
5.833	27.292187
5.834	27.296227
5.835	27.300267
5.836	27.304306
5.837	27.308346
5.838	27.312386
5.839	27.316425
5.840	27.320465
5.841	27.324504
5.842	27.328544
5.843	27.332583
5.844	27.336623
5.845	27.340662
5.846	27.344701
5.847	27.348741
5.848	27.352780
5.849	27.356819
5.850	27.360858
5.851	27.364897
5.852	27.368936
5.853	27.372975
5.854	27.377014
5.855	27.381053
5.856	27.385092
5.857	27.389131
5.858	27.393170
5.859	27.397209
5.860	27.401248
5.861	27.405286
5.862	27.409325
5.863	27.413364
5.864	27.417402
5.865	27.421441
5.866	27.425479
5.867	27.429518
5.868	27.433556
5.869	27.437595
5.870	27.441633
5.871	27.445672
5.872	27.449710
5.873	27.453748
5.874	27.457786
5.875	27.461825
5.876	27.465863
5.877	27.469901
5.878	27.473939
5.879	27.477977
5.880	27.482015
5.881	27.486053
5.882	27.490091
5.883	27.494129
5.884	27.498167
5.885	27.502204
5.886	27.506242
5.887	27.510280
5.888	27.514318
5.889	27.518355
5.890	27.522393
5.891	27.526430
5.892	27.530468
5.893	27.534506
5.894	27.538543
5.895	27.542580
5.896	27.546618
5.897	27.550655
5.898	27.554693
5.899	27.558730
5.900	27.562767
5.901	27.566804
5.902	27.570841
5.903	27.574879
5.904	27.578916
5.905	27.582953
5.906	27.586990
5.907	27.591027
5.908	27.595064
5.909	27.599101
5.910	27.603138
5.911	27.607174
5.912	27.611211
5.913	27.615248
5.914	27.619285
5.915	27.623321
5.916	27.627358
5.917	27.631395
5.918	27.635431
5.919	27.639468
5.920	27.643504
5.921	27.647541
5.922	27.651577
5.923	27.655614
5.924	27.659650
5.925	27.663686
5.926	27.667723
5.927	27.671759
5.928	27.675795
5.929	27.679831
5.930	27.683867
5.931	27.687904
5.932	27.691940
5.933	27.695976
5.934	27.700012
5.935	27.704048
5.936	27.708084
5.937	27.712120
5.938	27.716155
5.939	27.720191
5.940	27.724227
5.941	27.728263
5.942	27.732298
5.943	27.736334
5.944	27.740370
5.945	27.744405
5.946	27.748441
5.947	27.752477
5.948	27.756512
5.949	27.760548
5.950	27.764583
5.951	27.768618
5.952	27.772654
5.953	27.776689
5.954	27.780724
5.955	27.784760
5.956	27.788795
5.957	27.792830
5.958	27.796865
5.959	27.800900
5.960	27.804935
5.961	27.808970
5.962	27.813005
5.963	27.817040
5.964	27.821075
5.965	27.825110
5.966	27.829145
5.967	27.833180
5.968	27.837215
5.969	27.841250
5.970	27.845284
5.971	27.849319
5.972	27.853354
5.973	27.857388
5.974	27.861423
5.975	27.865457
5.976	27.869492
5.977	27.873526
5.978	27.877561
5.979	27.881595
5.980	27.885630
5.981	27.889664
5.982	27.893698
5.983	27.897733
5.984	27.901767
5.985	27.905801
5.986	27.909835
5.987	27.913869
5.988	27.917904
5.989	27.921938
5.990	27.925972
5.991	27.930006
5.992	27.934040
5.993	27.938074
5.994	27.942108
5.995	27.946141
5.996	27.950175
5.997	27.954209
5.998	27.958243
5.999	27.962277
