0.000000 0.000000 0.000000 0.000000
0.006289 0.059261 0.384974 0.407788
0.012579 0.118430 0.710606 0.794763
0.018868 0.177414 0.926701 1.091112
0.025158 0.236121 0.999951 1.236061
0.031447 0.294460 0.919063 1.189690
0.037737 0.352338 0.696506 0.941912
0.044026 0.409667 0.366586 0.516764
0.050316 0.466355 -0.019841 -0.029094
0.056605 0.522316 -0.403210 -0.613812
0.062895 0.577461 -0.724426 -1.142753
0.069184 0.631704 -0.933975 -1.523971
0.075474 0.684961 -0.999557 -1.684214
0.081763 0.737148 -0.911062 -1.582650
0.088053 0.788184 -0.682132 -1.219778
0.094342 0.837990 -0.348054 -0.639720
0.100632 0.886487 0.039674 0.074844
0.106921 0.933600 0.421287 0.814600
0.113211 0.979255 0.737960 1.460612
0.119500 1.023381 0.940881 1.903761
0.125789 1.065909 0.998770 2.063367
0.132079 1.106772 0.902703 1.901790
0.138368 1.145908 0.667490 1.432371
0.144658 1.183254 0.329386 0.719132
0.150947 1.218752 -0.059491 -0.131997
0.157237 1.252348 -0.439198 -0.989227
0.163526 1.283988 -0.751205 -1.715742
0.169816 1.313623 -0.947417 -2.191965
0.176105 1.341207 -0.997589 -2.335563
0.182395 1.366696 -0.893989 -2.115800
0.188684 1.390052 -0.652584 -1.559710
0.194974 1.411237 -0.310587 -0.748899
0.201263 1.430219 0.079285 0.192681
0.207553 1.446967 0.456937 1.118109
0.213842 1.461456 0.764153 1.880929
0.220132 1.473663 0.953579 2.358834
0.226421 1.483569 0.996016 2.473675
0.232711 1.491158 0.884922 2.204481
0.239000 1.496419 0.637422 1.591272
0.245290 1.499343 0.291666 0.728974
0.251579 1.499926 -0.099048 -0.247613
0.257868 1.498167 -0.474495 -1.185368
0.264158 1.494069 -0.776801 -1.937395
0.270447 1.487638 -0.959367 -2.386557
0.276737 1.478884 -0.994051 -2.464137
0.283026 1.467820 -0.875507 -2.160595
0.289316 1.454465 -0.622009 -1.526699
0.295605 1.438838 -0.272631 -0.664902
0.301895 1.420965 0.118772 0.287543
0.308184 1.400874 0.491867 1.180910
0.314474 1.378594 0.789143 1.877050
0.320763 1.354162 0.964776 2.271240
0.327053 1.327616 0.991694 2.308284
0.333342 1.298996 0.865748 1.990351
0.339632 1.268349 0.606351 1.375415
0.345921 1.235721 0.253488 0.566728
0.352211 1.201163 -0.138449 -0.304749
0.358500 1.164729 -0.509045 -1.101944
0.364790 1.126477 -0.801174 -1.703678
0.371079 1.086466 -0.969806 -2.023467
0.377368 1.044759 -0.988947 -2.022159
0.383658 1.001420 -0.855647 -1.712510
0.389947 0.956518 -0.590454 -1.155234
0.396237 0.910122 -0.234245 -0.447436
0.402526 0.862304 0.158072 0.294378
0.408816 0.813141 0.526022 0.953753
0.415105 0.762707 0.812889 1.432886
0.421395 0.711083 0.974454 1.667371
0.427684 0.658349 0.985811 1.634818
0.433974 0.604586 0.845210 1.356213
0.440263 0.549879 0.574325 0.890134
0.446553 0.494314 0.214910 0.321143
0.452842 0.437977 -0.177632 -0.255431
0.459132 0.380956 -0.542793 -0.749573
0.465421 0.323340 -0.824285 -1.090810
0.471711 0.265220 -0.978718 -1.238293
0.478000 0.206685 -0.982286 -1.185310
0.484290 0.147827 -0.834440 -0.957793
0.490579 0.088739 -0.557969 -0.607483
0.496869 0.029512 -0.195490 -0.201260
0.503158 -0.029761 0.197122 0.191256
0.509447 -0.088988 0.559350 0.509574
0.515737 -0.148076 0.835356 0.711660
0.522026 -0.206932 0.982597 0.779266
0.528316 -0.265465 0.978375 0.718650
0.534605 -0.323584 0.823342 0.556921
0.540895 -0.381198 0.541394 0.335016
0.547184 -0.438216 0.175994 0.098871
0.553474 -0.494550 -0.216535 -0.109448
0.559763 -0.550112 -0.575686 -0.258995
0.566053 -0.604814 -0.846099 -0.334366
0.572342 -0.658573 -0.986089 -0.336677
0.578632 -0.711303 -0.974079 -0.281214
0.584921 -0.762922 -0.811919 -0.192488
0.591211 -0.813351 -0.524606 -0.097917
0.597500 -0.862509 -0.156428 -0.021508
0.603790 -0.910320 0.235863 0.021152
0.610079 -0.956710 0.591796 0.025619
0.616369 -1.001606 0.856508 -0.001376
0.622658 -1.044938 0.989193 -0.044452
0.628947 -1.086639 0.969399 -0.083987
0.635237 -1.126642 0.800177 -0.101336
0.641526 -1.164887 0.507612 -0.083698
0.647816 -1.201312 0.136801 -0.027540
0.654105 -1.235862 -0.255097 0.060168
0.660395 -1.268482 -0.607673 0.163149
0.666684 -1.299121 -0.866580 0.259212
0.672974 -1.327732 -0.991907 0.325080
0.679263 -1.354270 -0.964337 0.341635
0.685553 -1.378693 -0.788119 0.298455
0.691842 -1.400963 -0.490417 0.196639
0.698132 -1.421045 -0.117119 0.049313
0.704421 -1.438909 0.274232 -0.120363
0.710711 -1.454526 0.623311 -0.283311
0.717000 -1.467872 0.876310 -0.410001
0.723290 -1.478925 0.994231 -0.476162
0.729579 -1.487670 0.958896 -0.467624
0.735869 -1.494091 0.775752 -0.383292
0.742158 -1.498180 0.473029 -0.235654
0.748447 -1.499929 0.097392 -0.048689
0.754737 -1.499336 -0.293258 0.146434
0.761026 -1.496402 -0.638703 0.317053
0.767316 -1.491131 -0.885696 0.434993
0.773605 -1.483532 -0.996163 0.481677
0.779895 -1.473616 -0.953077 0.451393
0.786184 -1.461400 -0.763079 0.352084
0.792474 -1.446901 -0.455455 0.203544
0.798763 -1.430143 -0.077626 0.033390
0.805053 -1.411153 0.312169 -0.128349
0.811342 -1.389958 0.653844 -0.254972
0.817632 -1.366594 0.894733 -0.328003
0.823921 -1.341095 0.997704 -0.340312
0.830211 -1.313502 0.946883 -0.296850
0.836500 -1.283859 0.750105 -0.212924
0.842790 -1.252210 0.437702 -0.110393
0.849079 -1.218607 0.057830 -0.012642
0.855369 -1.183100 -0.330957 0.060598
0.861658 -1.145747 -0.668728 0.097465
0.867948 -1.106604 -0.903418 0.096308
0.874237 -1.065733 -0.998851 0.065657
0.880526 -1.023198 -0.940316 0.021813
0.886816 -0.979065 -0.736836 -0.015425
0.893105 -0.933404 -0.419777 -0.027955
0.899395 -0.886285 -0.038011 -0.004322
0.905684 -0.837783 0.349614 0.056714
0.911974 -0.787972 0.683348 0.144889
0.918263 -0.736930 0.911747 0.239853
0.924553 -0.684739 0.999605 0.315137
0.930842 -0.631477 0.933379 0.343971
0.937132 -0.577230 0.723277 0.305780
0.943421 -0.522082 0.401686 0.191973
0.949711 -0.466118 0.018177 0.009704
0.956000 -0.409426 -0.368134 -0.217410
0.962290 -0.352096 -0.697699 -0.452042
0.968579 -0.294215 -0.919717 -0.649123
0.974869 -0.235875 -0.999966 -0.764099
0.981158 -0.177167 -0.926075 -0.762005
0.987448 -0.118182 -0.709434 -0.625592
0.993737 -0.059012 -0.383437 -0.360810
1.000026 0.000250 0.001664 0.001665
1.006316 0.059511 0.386509 0.409511
1.012605 0.118679 0.711776 0.796249
1.018895 0.177662 0.927326 1.092076
1.025184 0.236368 0.999933 1.236285
1.031474 0.294705 0.918406 1.189064
1.037763 0.352581 0.695311 0.940464
1.044053 0.409907 0.365037 0.514669
1.050342 0.466592 -0.021505 -0.031539
1.056632 0.522550 -0.404732 -0.616225
1.062921 0.577691 -0.725572 -1.144728
1.069211 0.631930 -0.934569 -1.525151
1.075500 0.685183 -0.999506 -1.684351
1.081790 0.737365 -0.910375 -1.581654
1.088079 0.788397 -0.680914 -1.217744
1.094369 0.838197 -0.346494 -0.636924
1.100658 0.886688 0.041337 0.077990
1.106948 0.933795 0.422796 0.817600
1.113237 0.979444 0.739083 1.462972
1.119527 1.023563 0.941444 1.905071
1.125816 1.066084 0.998686 2.063369
1.132105 1.106941 0.901986 1.900431
1.138395 1.146069 0.666249 1.429817
1.144684 1.183407 0.327814 0.715751
1.150974 1.218898 -0.061153 -0.135692
1.157263 1.252485 -0.440693 -0.992654
1.163553 1.284117 -0.752302 -1.718346
1.169842 1.313743 -0.947948 -2.193309
1.176132 1.341319 -0.997473 -2.335401
1.182421 1.366799 -0.893242 -2.114124
1.188711 1.390146 -0.651322 -1.556755
1.195000 1.411322 -0.309005 -0.745110
1.201290 1.430294 0.080944 0.196719
1.207579 1.447033 0.458416 1.121760
1.213869 1.461512 0.765226 1.883612
1.220158 1.473709 0.954079 2.360115
1.226448 1.483605 0.995867 2.473340
1.232737 1.491185 0.884146 2.202571
1.239027 1.496436 0.636139 1.588080
1.245316 1.499350 0.290074 0.724997
1.251605 1.499924 -0.100704 -0.251753
1.257895 1.498155 -0.475959 -1.189020
1.264184 1.494047 -0.777848 -1.939989
1.270474 1.487606 -0.959835 -2.387691
1.276763 1.478842 -0.993868 -2.463642
1.283053 1.467769 -0.874702 -2.158562
1.289342 1.454404 -0.620705 -1.523460
1.295632 1.438768 -0.271029 -0.660977
1.301921 1.420885 0.120424 0.291534
1.308211 1.400784 0.493315 1.184343
1.314500 1.378496 0.790164 1.879401
1.320790 1.354055 0.965213 2.272164
1.327079 1.327500 0.991479 2.307667
1.333369 1.298872 0.864914 1.988326
1.339658 1.268215 0.605026 1.372330
1.345948 1.235579 0.251877 0.563092
1.352237 1.201013 -0.140097 -0.308356
1.358527 1.164572 -0.510477 -1.104963
1.364816 1.126313 -0.802169 -1.705661
1.371106 1.086294 -0.970210 -2.024144
1.377395 1.044580 -0.988699 -2.021474
1.383684 1.001234 -0.854785 -1.710625
1.389974 0.956325 -0.589110 -1.152491
1.396263 0.909923 -0.232627 -0.444299
1.402553 0.862100 0.159715 0.297405
1.408842 0.812931 0.527437 0.956207
1.415132 0.762492 0.813858 1.434418
1.421421 0.710863 0.974826 1.667794
1.427711 0.658124 0.985530 1.634131
1.434000 0.604358 0.844320 1.354591
1.440290 0.549647 0.572962 0.887888
1.446579 0.494078 0.213284 0.318664
1.452869 0.437738 -0.179270 -0.257743
1.459158 0.380715 -0.544190 -0.751371
1.465448 0.323096 -0.825226 -1.091854
1.471737 0.264974 -0.979058 -1.238483
1.478027 0.206437 -0.981973 -1.184689
1.484316 0.147579 -0.833522 -0.956532
1.490606 0.088489 -0.556588 -0.605840
1.496895 0.029262 -0.193858 -0.199531
1.503184 -0.030011 0.198754 0.192789
1.509474 -0.089237 0.560729 0.510691
1.515763 -0.148324 0.836270 0.712231
1.522053 -0.207179 0.982905 0.779267
1.528342 -0.265711 0.978029 0.718156
1.534632 -0.323828 0.822396 0.556081
1.540921 -0.381439 0.539994 0.334019
1.547211 -0.438455 0.174355 0.097908
1.553500 -0.494786 -0.218160 -0.110217
1.559790 -0.550344 -0.577046 -0.259472
1.566079 -0.605043 -0.846984 -0.334523
1.572369 -0.658797 -0.986364 -0.336550
1.578658 -0.711523 -0.973701 -0.280890
1.584948 -0.763137 -0.810946 -0.192083
1.591237 -0.813560 -0.523189 -0.097543
1.597527 -0.862713 -0.154784 -0.021250
1.603816 -0.910518 0.237480 0.021250
1.610106 -0.956902 0.593137 0.025563
1.616395 -1.001792 0.857365 -0.001536
1.622684 -1.045117 0.989435 -0.044641
1.628974 -1.086811 0.968989 -0.084118
1.635263 -1.126807 0.799177 -0.101341
1.641553 -1.165044 0.506177 -0.083541
1.647842 -1.201462 0.135152 -0.027228
1.654132 -1.236003 -0.256706 0.060584
1.660421 -1.268615 -0.608994 0.163585
1.666711 -1.299246 -0.867409 0.259569
1.673000 -1.327848 -0.992117 0.325264
1.679290 -1.354377 -0.963895 0.341582
1.685579 -1.378791 -0.787094 0.298144
1.691869 -1.401052 -0.488966 0.196101
1.698158 -1.421125 -0.115466 0.048626
1.704448 -1.438980 0.275832 -0.121084
1.710737 -1.454587 0.624612 -0.283940
1.717027 -1.467923 0.877111 -0.410420
1.723316 -1.478967 0.994408 -0.476289
1.729606 -1.487702 0.958422 -0.467424
1.735895 -1.494113 0.774700 -0.382790
1.742185 -1.498192 0.471562 -0.234929
1.748474 -1.499931 0.095735 -0.047861
1.754763 -1.499328 -0.294849 0.147226
1.761053 -1.496384 -0.639983 0.317678
1.767342 -1.491104 -0.886468 0.435348
1.773632 -1.483495 -0.996308 0.481710
1.779921 -1.473570 -0.952572 0.451109
1.786211 -1.461343 -0.762002 0.351545
1.792500 -1.446835 -0.453973 0.202851
1.798790 -1.430068 -0.075967 0.032671
1.805079 -1.411068 0.313749 -0.128972
1.811369 -1.389864 0.655103 -0.255401
1.817658 -1.366491 0.895475 -0.328183
1.823948 -1.340983 0.997815 -0.340238
1.830237 -1.313382 0.946346 -0.296568
1.836527 -1.283730 0.749003 -0.212514
1.842816 -1.252073 0.436205 -0.109956
1.849106 -1.218461 0.056168 -0.012271
1.855395 -1.182947 -0.332527 0.060835
1.861685 -1.145585 -0.669964 0.097537
1.867974 -1.106435 -0.904130 0.096231
1.874263 -1.065557 -0.998929 0.065487
1.880553 -1.023015 -0.939748 0.021629
1.886842 -0.978876 -0.735710 -0.015541
1.893132 -0.933209 -0.418266 -0.027937
1.899421 -0.886084 -0.036348 -0.004141
1.905711 -0.837576 0.351173 0.057039
1.912000 -0.787759 0.684562 0.145292
1.918290 -0.736713 0.912430 0.240231
1.924579 -0.684516 0.999651 0.315373
1.930869 -0.631251 0.932781 0.343962
1.937158 -0.577000 0.722127 0.305460
1.943448 -0.521848 0.400161 0.191338
1.949737 -0.465881 0.016513 0.008820
1.956027 -0.409186 -0.369681 -0.218413
1.962316 -0.351853 -0.698891 -0.452984
1.968606 -0.293970 -0.920370 -0.649808
1.974895 -0.235628 -0.999978 -0.764355
1.981185 -0.176919 -0.925445 -0.761717
1.987474 -0.117933 -0.708260 -0.624733
1.993764 -0.058763 -0.381900 -0.359458
2.000053 0.000499 0.003329 0.003330
2.006342 0.059760 0.388044 0.411233
2.012632 0.118928 0.712944 0.797733
2.018921 0.177910 0.927947 1.093038
2.025211 0.236614 0.999912 1.236506
2.031500 0.294949 0.917746 1.188434
2.037790 0.352824 0.694114 0.939013
2.044079 0.410147 0.363487 0.512571
2.050369 0.466830 -0.023169 -0.033985
2.056658 0.522784 -0.406253 -0.618636
2.062948 0.577921 -0.726716 -1.146701
2.069237 0.632157 -0.935159 -1.526327
2.075527 0.685405 -0.999453 -1.684482
2.081816 0.737583 -0.909685 -1.580653
2.088106 0.788609 -0.679694 -1.215707
2.094395 0.838404 -0.344932 -0.634124
2.100685 0.886889 0.043000 0.081136
2.106974 0.933990 0.424303 0.820598
2.113264 0.979633 0.740203 1.465329
2.119553 1.023746 0.942004 1.906375
2.125842 1.066260 0.998599 2.063366
2.132132 1.107109 0.901266 1.899066
2.138421 1.146230 0.665007 1.427258
2.144711 1.183561 0.326241 0.712367
2.151000 1.219043 -0.062814 -0.139386
2.157290 1.252623 -0.442186 -0.996078
2.163579 1.284246 -0.753398 -1.720945
2.169869 1.313864 -0.948477 -2.194646
2.176158 1.341430 -0.997353 -2.335232
2.182448 1.366902 -0.892492 -2.112442
2.188737 1.390240 -0.650058 -1.553796
2.195027 1.411406 -0.307421 -0.741318
2.201316 1.430369 0.082603 0.200756
2.207606 1.447099 0.459895 1.125408
2.213895 1.461568 0.766296 1.886290
2.220185 1.473756 0.954577 2.361389
2.226474 1.483642 0.995714 2.472997
2.232764 1.491212 0.883367 2.200655
2.239053 1.496453 0.634854 1.584883
2.245342 1.499358 0.288481 0.721017
2.251632 1.499921 -0.102360 -0.255892
2.257921 1.498142 -0.477422 -1.192669
2.264211 1.494024 -0.778893 -1.942577
2.270500 1.487574 -0.960301 -2.388818
2.276790 1.478800 -0.993683 -2.463141
2.283079 1.467717 -0.873894 -2.156524
2.289369 1.454343 -0.619399 -1.520218
2.295658 1.438697 -0.269427 -0.657050
2.301948 1.420805 0.122076 0.295523
2.308237 1.400695 0.494762 1.187773
2.314527 1.378397 0.791183 1.881747
2.320816 1.353947 0.965646 2.273081
2.327106 1.327383 0.991261 2.307044
2.333395 1.298747 0.864077 1.986295
2.339685 1.268082 0.603701 1.369242
2.345974 1.235437 0.250266 0.559455
2.352264 1.200864 -0.141745 -0.311961
2.358553 1.164415 -0.511907 -1.107979
2.364843 1.126148 -0.803161 -1.707639
2.371132 1.086122 -0.970612 -2.024816
2.377421 1.044401 -0.988448 -2.020784
2.383711 1.001048 -0.853920 -1.708735
2.390000 0.956133 -0.587764 -1.149745
2.396290 0.909725 -0.231008 -0.441161
2.402579 0.861896 0.161358 0.300431
2.408869 0.812721 0.528850 0.958658
2.415158 0.762277 0.814824 1.435945
2.421448 0.710644 0.975196 1.668212
2.427737 0.657900 0.985247 1.633440
2.434027 0.604129 0.843427 1.352965
2.440316 0.549415 0.571597 0.885640
2.446606 0.493843 0.211658 0.316184
2.452895 0.437499 -0.180907 -0.260053
2.459185 0.380473 -0.545585 -0.753166
2.465474 0.322853 -0.826165 -1.092895
2.471764 0.264728 -0.979396 -1.238669
2.478053 0.206190 -0.981657 -1.184065
2.484343 0.147330 -0.832601 -0.955269
2.490632 0.088240 -0.555204 -0.604195
2.496921 0.029013 -0.192225 -0.197802
2.503211 -0.030261 0.200385 0.194321
2.509500 -0.089486 0.562106 0.511805
2.515790 -0.148572 0.837181 0.712799
2.522079 -0.207426 0.983210 0.779266
2.528369 -0.265957 0.977681 0.717660
2.534658 -0.324072 0.821448 0.555240
2.540948 -0.381680 0.538593 0.333023
2.547237 -0.438693 0.172716 0.096947
2.553527 -0.495021 -0.219784 -0.110986
2.559816 -0.550576 -0.578405 -0.259949
2.566106 -0.605271 -0.847868 -0.334678
2.572395 -0.659021 -0.986637 -0.336422
2.578685 -0.711743 -0.973320 -0.280567
2.584974 -0.763352 -0.809971 -0.191678
2.591264 -0.813770 -0.521770 -0.097169
2.597553 -0.862917 -0.153140 -0.020993
2.603843 -0.910717 0.239096 0.021347
2.610132 -0.957094 0.594476 0.025506
2.616422 -1.001978 0.858221 -0.001697
2.622711 -1.045296 0.989675 -0.044829
2.629000 -1.086983 0.968576 -0.084249
2.635290 -1.126972 0.798176 -0.101346
2.641579 -1.165201 0.504741 -0.083384
2.647869 -1.201611 0.133503 -0.026916
2.654158 -1.236145 -0.258314 0.061000
2.660448 -1.268748 -0.610314 0.164021
2.666737 -1.299371 -0.868236 0.259925
2.673027 -1.327964 -0.992324 0.325447
2.679316 -1.354484 -0.963451 0.341528
2.685606 -1.378889 -0.786066 0.297832
2.691895 -1.401141 -0.487513 0.195562
2.698185 -1.421205 -0.113813 0.047939
2.704474 -1.439050 0.277431 -0.121806
2.710764 -1.454648 0.625911 -0.284569
2.717053 -1.467974 0.877909 -0.410839
2.723343 -1.479009 0.994582 -0.476414
2.729632 -1.487733 0.957946 -0.467222
2.735922 -1.494135 0.773647 -0.382286
2.742211 -1.498204 0.470094 -0.234203
2.748500 -1.499933 0.094079 -0.047033
2.754790 -1.499321 -0.296438 0.148018
2.761079 -1.496367 -0.641261 0.318301
2.767369 -1.491077 -0.887237 0.435701
2.773658 -1.483458 -0.996449 0.481741
2.779948 -1.473523 -0.952064 0.450824
2.786237 -1.461287 -0.760923 0.351004
2.792527 -1.446769 -0.452490 0.202159
2.798816 -1.429993 -0.074307 0.031952
2.805106 -1.410983 0.315329 -0.129595
2.811395 -1.389770 0.656359 -0.255829
2.817685 -1.366388 0.896215 -0.328362
2.823974 -1.340871 0.997924 -0.340163
2.830264 -1.313261 0.945807 -0.296285
2.836553 -1.283600 0.747900 -0.212105
2.842843 -1.251935 0.434707 -0.109518
2.849132 -1.218316 0.054507 -0.011900
2.855422 -1.182793 -0.334096 0.061070
2.861711 -1.145424 -0.671199 0.097609
2.868000 -1.106267 -0.904840 0.096154
2.874290 -1.065381 -0.999005 0.065316
2.880579 -1.022833 -0.939178 0.021444
2.886869 -0.978687 -0.734582 -0.015656
2.893158 -0.933013 -0.416753 -0.027917
2.899448 -0.885882 -0.034685 -0.003958
2.905737 -0.837368 0.352731 0.057365
2.912027 -0.787547 0.685774 0.145695
2.918316 -0.736496 0.913109 0.240608
2.924606 -0.684294 0.999693 0.315609
2.930895 -0.631024 0.932179 0.343951
2.937185 -0.576769 0.720975 0.305139
2.943474 -0.521614 0.398636 0.190702
2.949764 -0.465643 0.014849 0.007935
2.956053 -0.408946 -0.371227 -0.219415
2.962343 -0.351610 -0.700080 -0.453925
2.968632 -0.293725 -0.921019 -0.650492
2.974922 -0.235382 -0.999988 -0.764609
2.981211 -0.176671 -0.924814 -0.761426
2.987501 -0.117684 -0.707084 -0.623872
2.993790 -0.058513 -0.380361 -0.358105
3.000079 0.000749 0.004993 0.004997
3.006369 0.060010 0.389577 0.412955
3.012658 0.119177 0.714110 0.799215
3.018948 0.178158 0.928566 1.093998
3.025237 0.236861 0.999889 1.236723
3.031527 0.295194 0.917084 1.187801
3.037816 0.353066 0.692915 0.937559
3.044106 0.410387 0.361936 0.510470
3.050395 0.467067 -0.024833 -0.036431
3.056685 0.523018 -0.407774 -0.621046
3.062974 0.578152 -0.727858 -1.148671
3.069264 0.632383 -0.935748 -1.527499
3.075553 0.685627 -0.999396 -1.684609
3.081843 0.737800 -0.908993 -1.579647
3.088132 0.788821 -0.678473 -1.213666
3.094422 0.838611 -0.343369 -0.631323
3.100711 0.887091 0.044662 0.084282
3.107001 0.934186 0.425810 0.823595
3.113290 0.979822 0.741321 1.467683
3.119579 1.023928 0.942561 1.907675
3.125869 1.066435 0.998510 2.063356
3.132158 1.107278 0.900544 1.897696
3.138448 1.146391 0.663763 1.424696
3.144737 1.183714 0.324667 0.708980
3.151027 1.219189 -0.064475 -0.143081
3.157316 1.252760 -0.443678 -0.999500
3.163606 1.284375 -0.754491 -1.723540
3.169895 1.313984 -0.949003 -2.195977
3.176185 1.341542 -0.997231 -2.335057
3.182474 1.367005 -0.891740 -2.110754
3.188764 1.390333 -0.648793 -1.550831
3.195053 1.411491 -0.305837 -0.737524
3.201343 1.430444 0.084262 0.204793
3.207632 1.447164 0.461372 1.129053
3.213922 1.461624 0.767364 1.888962
3.220211 1.473802 0.955071 2.362657
3.226501 1.483679 0.995559 2.472648
3.232790 1.491239 0.882586 2.198732
3.239080 1.496470 0.633567 1.581681
3.245369 1.499365 0.286887 0.717035
3.251658 1.499919 -0.104015 -0.260030
3.257948 1.498130 -0.478884 -1.196315
3.264237 1.494002 -0.779935 -1.945160
3.270527 1.487542 -0.960763 -2.389939
3.276816 1.478758 -0.993495 -2.462633
3.283106 1.467666 -0.873084 -2.154479
3.289395 1.454282 -0.618092 -1.516971
3.295685 1.438627 -0.267824 -0.653122
3.301974 1.420725 0.123728 0.299512
3.308264 1.400606 0.496208 1.191199
3.314553 1.378299 0.792199 1.884087
3.320843 1.353840 0.966078 2.273992
3.327132 1.327267 0.991040 2.306414
3.333422 1.298622 0.863238 1.984258
3.339711 1.267949 0.602373 1.366151
3.346001 1.235296 0.248655 0.555817
3.352290 1.200714 -0.143392 -0.315565
3.358580 1.164257 -0.513336 -1.110991
3.364869 1.125983 -0.804152 -1.709612
3.371158 1.085950 -0.971011 -2.025481
3.377448 1.044221 -0.988195 -2.020089
3.383737 1.000862 -0.853053 -1.706841
3.390027 0.955941 -0.586417 -1.146997
3.396316 0.909526 -0.229388 -0.438023
3.402606 0.861691 0.163000 0.303455
3.408895 0.812511 0.530262 0.961106
3.415185 0.762062 0.815787 1.437468
3.421474 0.710424 0.975563 1.668626
3.427764 0.657676 0.984960 1.632745
3.434053 0.603901 0.842531 1.351336
3.440343 0.549183 0.570230 0.883391
3.446632 0.493607 0.210031 0.313704
3.452922 0.437261 -0.182543 -0.262362
3.459211 0.380232 -0.546980 -0.754958
3.465501 0.322609 -0.827102 -1.093932
3.471790 0.264482 -0.979730 -1.238852
3.478080 0.205943 -0.981338 -1.183438
3.484369 0.147082 -0.831678 -0.954003
3.490659 0.087991 -0.553819 -0.602550
3.496948 0.028763 -0.190591 -0.196073
3.503237 -0.030510 0.202015 0.195851
3.509527 -0.089735 0.563482 0.512917
3.515816 -0.148821 0.838090 0.713365
3.522106 -0.207674 0.983512 0.779262
3.528395 -0.266202 0.977330 0.717163
3.534685 -0.324315 0.820498 0.554398
3.540974 -0.381922 0.537190 0.332025
3.547264 -0.438932 0.171077 0.095986
3.553553 -0.495257 -0.221407 -0.111754
3.559843 -0.550808 -0.579762 -0.260424
3.566132 -0.605500 -0.848749 -0.334832
3.572422 -0.659246 -0.986906 -0.336293
3.578711 -0.711962 -0.972937 -0.280243
3.585001 -0.763567 -0.808994 -0.191273
3.591290 -0.813980 -0.520349 -0.096795
3.597580 -0.863121 -0.151495 -0.020736
3.603869 -0.910915 0.240712 0.021444
3.610159 -0.957287 0.595814 0.025449
3.616448 -1.002163 0.859074 -0.001858
3.622737 -1.045475 0.989912 -0.045017
3.629027 -1.087155 0.968161 -0.084380
3.635316 -1.127137 0.797172 -0.101350
3.641606 -1.165358 0.503303 -0.083225
3.647895 -1.201761 0.131853 -0.026603
3.654185 -1.236286 -0.259922 0.061416
3.660474 -1.268882 -0.611631 0.164456
3.666764 -1.299496 -0.869060 0.260280
3.673053 -1.328080 -0.992529 0.325629
3.679343 -1.354592 -0.963003 0.341473
3.685632 -1.378987 -0.785036 0.297519
3.691922 -1.401230 -0.486060 0.195022
3.698211 -1.421285 -0.112159 0.047251
3.704501 -1.439120 0.279030 -0.122528
3.710790 -1.454709 0.627208 -0.285197
3.717080 -1.468026 0.878705 -0.411256
3.723369 -1.479050 0.994754 -0.476537
3.729659 -1.487765 0.957467 -0.467019
3.735948 -1.494157 0.772591 -0.381782
3.742237 -1.498216 0.468625 -0.233476
3.748527 -1.499936 0.092422 -0.046205
3.754816 -1.499313 -0.298028 0.148809
3.761106 -1.496349 -0.642537 0.318923
3.767395 -1.491049 -0.888003 0.436053
3.773685 -1.483421 -0.996588 0.481771
3.779974 -1.473476 -0.951554 0.450538
3.786264 -1.461231 -0.759842 0.350463
3.792553 -1.446704 -0.451005 0.201465
3.798843 -1.429917 -0.072648 0.031232
3.805132 -1.410899 0.316908 -0.130217
3.811422 -1.389677 0.657614 -0.256257
3.817711 -1.366285 0.896952 -0.328540
3.824001 -1.340759 0.998029 -0.340088
3.830290 -1.313141 0.945266 -0.296001
3.836580 -1.283471 0.746794 -0.211695
3.842869 -1.251798 0.433208 -0.109081
3.849159 -1.218170 0.052845 -0.011529
3.855448 -1.182640 -0.335664 0.061306
3.861738 -1.145263 -0.672432 0.097679
3.868027 -1.106098 -0.905548 0.096077
3.874316 -1.065206 -0.999078 0.065146
3.880606 -1.022650 -0.938605 0.021260
3.886895 -0.978498 -0.733452 -0.015771
3.893185 -0.932818 -0.415240 -0.027897
3.899474 -0.885681 -0.033021 -0.003775
3.905764 -0.837161 0.354288 0.057692
3.912053 -0.787334 0.686985 0.146098
3.918343 -0.736278 0.913787 0.240986
3.924632 -0.684072 0.999733 0.315844
3.930922 -0.630798 0.931576 0.343940
3.937211 -0.576539 0.719821 0.304816
3.943501 -0.521380 0.397109 0.190064
3.949790 -0.465406 0.013185 0.007048
3.956080 -0.408706 -0.372772 -0.220418
3.962369 -0.351368 -0.701267 -0.454865
3.968659 -0.293481 -0.921666 -0.651175
3.974948 -0.235135 -0.999995 -0.764861
3.981238 -0.176423 -0.924179 -0.761133
3.987527 -0.117435 -0.705906 -0.623008
3.993816 -0.058264 -0.378821 -0.356750
4.000106 0.000999 0.006657 0.006664
4.006395 0.060259 0.391109 0.414677
4.012685 0.119426 0.715274 0.800696
4.018974 0.178406 0.929183 1.094954
4.025264 0.237107 0.999863 1.236937
4.031553 0.295439 0.916419 1.187164
4.037843 0.353309 0.691714 0.936102
4.044132 0.410627 0.360384 0.508368
4.050422 0.467304 -0.026496 -0.038878
4.056711 0.523252 -0.409293 -0.623456
4.063001 0.578382 -0.728999 -1.150639
4.069290 0.632609 -0.936333 -1.528667
4.075580 0.685849 -0.999337 -1.684731
4.081869 0.738017 -0.908298 -1.578637
4.088159 0.789034 -0.677249 -1.211621
4.094448 0.838818 -0.341806 -0.628519
4.100738 0.887292 0.046325 0.087429
4.107027 0.934381 0.427315 0.826590
4.113317 0.980011 0.742437 1.470032
4.119606 1.024110 0.943115 1.908970
4.125895 1.066611 0.998418 2.063341
4.132185 1.107446 0.899819 1.896320
4.138474 1.146552 0.662518 1.422129
4.144764 1.183867 0.323093 0.705592
4.151053 1.219334 -0.066135 -0.146777
4.157343 1.252897 -0.445169 -1.002920
4.163632 1.284504 -0.755582 -1.726130
4.169922 1.314105 -0.949526 -2.197303
4.176211 1.341654 -0.997105 -2.334876
4.182501 1.367108 -0.890986 -2.109060
4.188790 1.390427 -0.647526 -1.547863
4.195080 1.411575 -0.304252 -0.733727
4.201369 1.430519 0.085920 0.208830
4.207659 1.447230 0.462848 1.132695
4.213948 1.461681 0.768430 1.891630
4.220238 1.473849 0.955563 2.363919
4.226527 1.483716 0.995401 2.472292
4.232817 1.491266 0.881802 2.196804
4.239106 1.496487 0.632278 1.578475
4.245395 1.499372 0.285292 0.713051
4.251685 1.499916 -0.105670 -0.264167
4.257974 1.498118 -0.480344 -1.199957
4.264264 1.493980 -0.780976 -1.947738
4.270553 1.487509 -0.961224 -2.391053
4.276843 1.478716 -0.993304 -2.462119
4.283132 1.467614 -0.872271 -2.152429
4.289422 1.454220 -0.616782 -1.513720
4.295711 1.438556 -0.266220 -0.649192
4.302001 1.420645 0.125379 0.303499
4.308290 1.400516 0.497652 1.194622
4.314580 1.378200 0.793214 1.886422
4.320869 1.353733 0.966506 2.274897
4.327159 1.327151 0.990816 2.305779
4.333448 1.298497 0.862397 1.982217
4.339738 1.267815 0.601044 1.363056
4.346027 1.235154 0.247042 0.552178
4.352317 1.200564 -0.145039 -0.319168
4.358606 1.164100 -0.514764 -1.114000
4.364895 1.125818 -0.805140 -1.711580
4.371185 1.085778 -0.971408 -2.026141
4.377474 1.044042 -0.987938 -2.019388
4.383764 1.000676 -0.852183 -1.704943
4.390053 0.955748 -0.585068 -1.144246
4.396343 0.909328 -0.227768 -0.434884
4.402632 0.861487 0.164642 0.306478
4.408922 0.812301 0.531672 0.963551
4.415211 0.761847 0.816749 1.438986
4.421501 0.710204 0.975927 1.669034
4.427790 0.657451 0.984672 1.632045
4.434080 0.603672 0.841634 1.349704
4.440369 0.548950 0.568862 0.881139
4.446659 0.493371 0.208404 0.311224
4.452948 0.437022 -0.184179 -0.264670
4.459238 0.379990 -0.548372 -0.756748
4.465527 0.322365 -0.828036 -1.094966
4.471817 0.264237 -0.980062 -1.239031
4.478106 0.205696 -0.981017 -1.182808
4.484396 0.146833 -0.830753 -0.952735
4.490685 0.087742 -0.552433 -0.600904
4.496974 0.028513 -0.188957 -0.194345
4.503264 -0.030760 0.203645 0.197380
4.509553 -0.089985 0.564856 0.514027
4.515843 -0.149069 0.838997 0.713929
4.522132 -0.207921 0.983812 0.779257
4.528422 -0.266448 0.976976 0.716663
4.534711 -0.324559 0.819545 0.553554
4.541001 -0.382163 0.535785 0.331028
4.547290 -0.439171 0.169437 0.095025
4.553580 -0.495492 -0.223030 -0.112520
4.559869 -0.551041 -0.581117 -0.260898
4.566159 -0.605728 -0.849628 -0.334984
4.572448 -0.659470 -0.987174 -0.336162
4.578738 -0.712182 -0.972551 -0.279918
4.585027 -0.763782 -0.808015 -0.190868
4.591317 -0.814189 -0.518927 -0.096422
4.597606 -0.863325 -0.149849 -0.020481
4.603896 -0.911113 0.242327 0.021540
4.610185 -0.957479 0.597149 0.025391
4.616474 -1.002349 0.859925 -0.002020
4.622764 -1.045654 0.990147 -0.045204
4.629053 -1.087327 0.967743 -0.084510
4.635343 -1.127301 0.796166 -0.101353
4.641632 -1.165516 0.501865 -0.083066
4.647922 -1.201910 0.130203 -0.026289
4.654211 -1.236428 -0.261529 0.061833
4.660501 -1.269015 -0.612947 0.164892
4.666790 -1.299620 -0.869883 0.260634
4.673080 -1.328196 -0.992730 0.325811
4.679369 -1.354699 -0.962554 0.341417
4.685659 -1.379086 -0.784004 0.297205
4.691948 -1.401319 -0.484605 0.194481
4.698238 -1.421365 -0.110505 0.046563
4.704527 -1.439191 0.280627 -0.123249
4.710817 -1.454770 0.628503 -0.285824
4.717106 -1.468077 0.879498 -0.411673
4.723396 -1.479092 0.994923 -0.476659
4.729685 -1.487797 0.956985 -0.466815
4.735975 -1.494179 0.771534 -0.381276
4.742264 -1.498228 0.467154 -0.232749
4.748553 -1.499938 0.090764 -0.045377
4.754843 -1.499306 -0.299616 0.149600
4.761132 -1.496332 -0.643812 0.319544
4.767422 -1.491022 -0.888767 0.436404
4.773711 -1.483384 -0.996724 0.481800
4.780001 -1.473429 -0.951041 0.450251
4.786290 -1.461174 -0.758759 0.349920
4.792580 -1.446638 -0.449519 0.200772
4.798869 -1.429842 -0.070988 0.030513
4.805159 -1.410814 0.318486 -0.130838
4.811448 -1.389583 0.658867 -0.256683
4.817738 -1.366182 0.897687 -0.328716
4.824027 -1.340647 0.998132 -0.340011
4.830317 -1.313020 0.944721 -0.295716
4.836606 -1.283342 0.745686 -0.211284
4.842896 -1.251660 0.431707 -0.108644
4.849185 -1.218024 0.051183 -0.011159
4.855475 -1.182486 -0.337231 0.061540
4.861764 -1.145102 -0.673663 0.097750
4.868053 -1.105929 -0.906252 0.095999
4.874343 -1.065030 -0.999148 0.064975
4.880632 -1.022468 -0.938030 0.021075
4.886922 -0.978309 -0.732319 -0.015885
4.893211 -0.932622 -0.413725 -0.027876
4.899501 -0.885480 -0.031358 -0.003591
4.905790 -0.836954 0.355843 0.058019
4.912080 -0.787122 0.688193 0.146501
4.918369 -0.736061 0.914461 0.241362
4.924659 -0.683850 0.999770 0.316077
4.930948 -0.630571 0.930969 0.343927
4.937238 -0.576308 0.718664 0.304492
4.943527 -0.521145 0.395581 0.189426
4.949817 -0.465169 0.011520 0.006162
4.956106 -0.408466 -0.374316 -0.221421
4.962396 -0.351125 -0.702453 -0.455804
4.968685 -0.293236 -0.922311 -0.651856
4.974975 -0.234889 -0.999999 -0.765110
4.981264 -0.176175 -0.923542 -0.760837
4.987553 -0.117186 -0.704726 -0.622142
4.993843 -0.058014 -0.377280 -0.355393
5.000132 0.001248 0.008321 0.008332
5.006422 0.060509 0.392640 0.416399
5.012711 0.119675 0.716436 0.802175
5.019001 0.178654 0.929796 1.095908
5.025290 0.237354 0.999834 1.237148
5.031580 0.295684 0.915751 1.186524
5.037869 0.353551 0.690511 0.934642
5.044159 0.410867 0.358831 0.506264
5.050448 0.467541 -0.028160 -0.041326
5.056738 0.523486 -0.410811 -0.625864
5.063027 0.578612 -0.730137 -1.152603
5.069317 0.632836 -0.936916 -1.529830
5.075606 0.686071 -0.999275 -1.684848
5.081896 0.738235 -0.907600 -1.577622
5.088185 0.789246 -0.676024 -1.209572
5.094475 0.839025 -0.340241 -0.625712
5.100764 0.887493 0.047987 0.090576
5.107054 0.934576 0.428819 0.829583
5.113343 0.980200 0.743551 1.472379
5.119632 1.024293 0.943667 1.910259
5.125922 1.066786 0.998323 2.063320
5.132211 1.107614 0.899092 1.894938
5.138501 1.146713 0.661270 1.419557
5.144790 1.184021 0.321517 0.702200
5.151080 1.219480 -0.067796 -0.150472
5.157369 1.253034 -0.446659 -1.006338
5.163659 1.284633 -0.756671 -1.728716
5.169948 1.314225 -0.950047 -2.198622
5.176238 1.341765 -0.996978 -2.334687
5.182527 1.367210 -0.890229 -2.107360
5.188817 1.390521 -0.646256 -1.544889
5.195106 1.411660 -0.302667 -0.729929
5.201396 1.430595 0.087578 0.212866
5.207685 1.447296 0.464323 1.136334
5.213975 1.461737 0.769494 1.894292
5.220264 1.473895 0.956052 2.365173
5.226554 1.483752 0.995240 2.471929
5.232843 1.491293 0.881016 2.194869
5.239132 1.496504 0.630988 1.575265
5.245422 1.499379 0.283697 0.709066
5.251711 1.499913 -0.107325 -0.268304
5.258001 1.498105 -0.481804 -1.203596
5.264290 1.493957 -0.782014 -1.950310
5.270580 1.487477 -0.961681 -2.392161
5.276869 1.478674 -0.993110 -2.461597
5.283159 1.467563 -0.871456 -2.150373
5.289448 1.454159 -0.615472 -1.510465
5.295738 1.438485 -0.264615 -0.645260
5.302027 1.420565 0.127030 0.307485
5.308317 1.400427 0.499095 1.198041
5.314606 1.378102 0.794226 1.888751
5.320896 1.353625 0.966932 2.275795
5.327185 1.327034 0.990590 2.305136
5.333475 1.298372 0.861553 1.980170
5.339764 1.267682 0.599713 1.359958
5.346054 1.235013 0.245429 0.548538
5.352343 1.200415 -0.146686 -0.322769
5.358633 1.163942 -0.516190 -1.117005
5.364922 1.125653 -0.806126 -1.713543
5.371211 1.085605 -0.971802 -2.026795
5.377501 1.043863 -0.987679 -2.018681
5.383790 1.000490 -0.851311 -1.703040
5.390080 0.955556 -0.583718 -1.141492
5.396369 0.909129 -0.226147 -0.431744
5.402659 0.861283 0.166283 0.309500
5.408948 0.812092 0.533081 0.965992
5.415238 0.761632 0.817708 1.440501
5.421527 0.709984 0.976289 1.669438
5.427817 0.657227 0.984380 1.631341
5.434106 0.603443 0.840734 1.348069
5.440396 0.548718 0.567493 0.878886
5.446685 0.493135 0.206776 0.308744
5.452975 0.436783 -0.185815 -0.266976
5.459264 0.379749 -0.549763 -0.758535
5.465554 0.322121 -0.828968 -1.095996
5.471843 0.263991 -0.980392 -1.239206
5.478133 0.205448 -0.980693 -1.182175
5.484422 0.146585 -0.829825 -0.951465
5.490711 0.087493 -0.551045 -0.599257
5.497001 0.028264 -0.187323 -0.192617
5.503290 -0.031009 0.205274 0.198908
5.509580 -0.090234 0.566228 0.515135
5.515869 -0.149318 0.839902 0.714490
5.522159 -0.208168 0.984108 0.779248
5.528448 -0.266694 0.976620 0.716162
5.534738 -0.324803 0.818590 0.552710
5.541027 -0.382405 0.534379 0.330030
5.547317 -0.439409 0.167796 0.094065
5.553606 -0.495728 -0.224652 -0.113285
5.559896 -0.551273 -0.582471 -0.261370
5.566185 -0.605957 -0.850505 -0.335136
5.572475 -0.659694 -0.987438 -0.336031
5.578764 -0.712402 -0.972162 -0.279592
5.585054 -0.763997 -0.807033 -0.190462
5.591343 -0.814399 -0.517504 -0.096049
5.597633 -0.863530 -0.148204 -0.020225
5.603922 -0.911312 0.243941 0.021635
5.610211 -0.957671 0.598484 0.025333
5.616501 -1.002535 0.860773 -0.002182
5.622790 -1.045833 0.990378 -0.045392
5.629080 -1.087499 0.967322 -0.084639
5.635369 -1.127466 0.795158 -0.101356
5.641659 -1.165673 0.500424 -0.082907
5.647948 -1.202059 0.128553 -0.025975
5.654238 -1.236569 -0.263135 0.062249
5.660527 -1.269148 -0.614261 0.165327
5.666817 -1.299745 -0.870702 0.260989
5.673106 -1.328312 -0.992929 0.325991
5.679396 -1.354806 -0.962101 0.341359
5.685685 -1.379184 -0.782970 0.296890
5.691975 -1.401408 -0.483148 0.193940
5.698264 -1.421444 -0.108851 0.045875
5.704554 -1.439261 0.282224 -0.123970
5.710843 -1.454830 0.629797 -0.286451
5.717133 -1.468128 0.880289 -0.412088
5.723422 -1.479133 0.995089 -0.476780
5.729712 -1.487829 0.956501 -0.466609
5.736001 -1.494201 0.770474 -0.380769
5.742290 -1.498240 0.465681 -0.232021
5.748580 -1.499940 0.089107 -0.044548
5.754869 -1.499298 -0.301203 0.150390
5.761159 -1.496315 -0.645084 0.320165
5.767448 -1.490995 -0.889529 0.436754
5.773738 -1.483347 -0.996857 0.481828
5.780027 -1.473383 -0.950525 0.449962
5.786317 -1.461118 -0.757674 0.349377
5.792606 -1.446572 -0.448032 0.200078
5.798896 -1.429766 -0.069327 0.029795
5.805185 -1.410729 0.320063 -0.131459
5.811475 -1.389489 0.660118 -0.257108
5.817764 -1.366079 0.898419 -0.328892
5.824054 -1.340535 0.998233 -0.339934
5.830343 -1.312899 0.944174 -0.295431
5.836633 -1.283213 0.744576 -0.210873
5.842922 -1.251523 0.430205 -0.108206
5.849212 -1.217878 0.049521 -0.010789
5.855501 -1.182333 -0.338798 0.061774
5.861790 -1.144940 -0.674892 0.097819
5.868080 -1.105761 -0.906955 0.095920
5.874369 -1.064854 -0.999215 0.064803
5.880659 -1.022285 -0.937452 0.020891
5.886948 -0.978119 -0.731185 -0.015999
5.893238 -0.932427 -0.412210 -0.027854
5.899527 -0.885278 -0.029694 -0.003407
5.905817 -0.836747 0.357398 0.058346
5.912106 -0.786909 0.689400 0.146905
5.918396 -0.735843 0.915134 0.241739
5.924685 -0.683628 0.999804 0.316310
5.930975 -0.630345 0.930360 0.343912
5.937264 -0.576078 0.717506 0.304167
5.943554 -0.520911 0.394052 0.188786
5.949843 -0.464931 0.009856 0.005274
5.956133 -0.408225 -0.375858 -0.222423
5.962422 -0.350882 -0.703636 -0.456743
5.968712 -0.292991 -0.922952 -0.652536
5.975001 -0.234642 -1.000000 -0.765358
5.981291 -0.175927 -0.922903 -0.760539
5.987580 -0.116937 -0.703545 -0.621274
5.993869 -0.057765 -0.375739 -0.354034
6.000159 0.001498 0.009986 0.010001
6.006448 0.060758 0.394171 0.418120
6.012738 0.119924 0.717596 0.803653
6.019027 0.178902 0.930408 1.096859
6.025317 0.237600 0.999802 1.237355
6.031606 0.295928 0.915082 1.185880
6.037896 0.353794 0.689306 0.933178
6.044185 0.411107 0.357278 0.504157
6.050475 0.467779 -0.029824 -0.043774
6.056764 0.523720 -0.412327 -0.628271
6.063054 0.578843 -0.731273 -1.154565
6.069343 0.633062 -0.937497 -1.530990
6.075633 0.686293 -0.999210 -1.684961
6.081922 0.738452 -0.906900 -1.576603
6.088212 0.789458 -0.674796 -1.207520
6.094501 0.839232 -0.338676 -0.622903
6.100791 0.887695 0.049650 0.093723
6.107080 0.934771 0.430322 0.832575
6.113369 0.980389 0.744662 1.474721
6.119659 1.024475 0.944217 1.911543
6.125948 1.066962 0.998225 2.063293
6.132238 1.107783 0.898362 1.893551
6.138527 1.146874 0.660021 1.416981
6.144817 1.184174 0.319941 0.698806
6.151106 1.219625 -0.069456 -0.154167
6.157396 1.253172 -0.448147 -1.009752
6.163685 1.284762 -0.757758 -1.731297
6.169975 1.314345 -0.950565 -2.199936
6.176264 1.341877 -0.996847 -2.334493
6.182554 1.367313 -0.889470 -2.105653
6.188843 1.390614 -0.644985 -1.541911
6.195133 1.411744 -0.301080 -0.726128
6.201422 1.430670 0.089236 0.216902
6.207712 1.447361 0.465796 1.139971
6.214001 1.461793 0.770556 1.896949
6.220291 1.473942 0.956539 2.366422
6.226580 1.483789 0.995076 2.471559
6.232870 1.491320 0.880228 2.192928
6.239159 1.496521 0.629696 1.572050
6.245448 1.499387 0.282100 0.705078
6.251738 1.499911 -0.108980 -0.272440
6.258027 1.498092 -0.483261 -1.207231
6.264317 1.493935 -0.783050 -1.952877
6.270606 1.487445 -0.962136 -2.393261
6.276896 1.478632 -0.992914 -2.461068
6.283185 1.467511 -0.870639 -2.148310
