0.000000 0.500000 1.000000 1.500000
0.006289 0.499610 0.922928 1.384031
0.012579 0.498439 0.703590 1.054287
0.018868 0.496490 0.375798 0.562379
0.025158 0.493766 -0.009921 -0.014820
0.031447 0.490271 -0.394111 -0.587332
0.037737 0.486011 -0.717551 -1.066288
0.044026 0.480991 -0.930384 -1.377891
0.050316 0.475221 -0.999803 -1.474930
0.056605 0.468708 -0.915108 -1.344026
0.062895 0.461464 -0.689353 -1.007464
0.069184 0.453499 -0.357338 -0.519390
0.075474 0.444826 0.029759 0.042996
0.081763 0.435458 0.412269 0.591794
0.088053 0.425410 0.731229 1.042301
0.094342 0.414698 0.937474 1.326243
0.100632 0.403339 0.999213 1.402234
0.106921 0.391350 0.906927 1.261853
0.113211 0.378749 0.674844 0.930441
0.119500 0.365558 0.338737 0.462565
0.125789 0.351795 -0.049585 -0.067029
0.132079 0.337483 -0.430264 -0.575470
0.138368 0.322645 -0.744619 -0.984867
0.144658 0.307302 -0.944195 -1.234349
0.150947 0.291480 -0.998229 -1.289192
0.157237 0.275202 -0.898390 -1.145629
0.163526 0.258495 -0.660069 -0.830694
0.169816 0.241384 -0.320002 -0.397245
0.176105 0.223896 0.069392 0.084928
0.182395 0.206058 0.448089 0.540422
0.188684 0.187899 0.757716 0.900091
0.194974 0.169447 0.950545 1.111612
0.201263 0.150729 0.996852 1.147107
0.207553 0.131777 0.889499 1.006715
0.213842 0.112619 0.645035 0.717678
0.220132 0.093284 0.301142 0.329233
0.226421 0.073805 -0.089171 -0.095752
0.232711 0.054210 -0.465739 -0.490986
0.239000 0.034530 -0.770515 -0.797121
0.245290 0.014796 -0.956520 -0.970673
0.251579 -0.004960 -0.995083 -0.990147
0.257868 -0.024709 -0.880258 -0.858507
0.264158 -0.044420 -0.629746 -0.601773
0.270447 -0.064061 -0.282162 -0.264087
0.276737 -0.083602 0.108916 0.099810
0.283026 -0.103012 0.483205 0.433429
0.289316 -0.122262 0.783010 0.687278
0.295605 -0.141321 0.962119 0.826151
0.301895 -0.160159 0.992922 0.833896
0.308184 -0.178747 0.870671 0.715041
0.314474 -0.197056 0.614210 0.493177
0.320763 -0.215057 0.263072 0.206497
0.327053 -0.232722 -0.128617 -0.098685
0.333342 -0.250024 -0.500480 -0.375348
0.339632 -0.266936 -0.795197 -0.582931
0.345921 -0.283430 -0.967339 -0.693165
0.352211 -0.299483 -0.990370 -0.693771
0.358500 -0.315067 -0.860740 -0.589549
0.364790 -0.330160 -0.598432 -0.400854
0.371079 -0.344737 -0.243878 -0.159805
0.377368 -0.358776 0.148268 0.095073
0.383658 -0.372254 0.517559 0.324896
0.389947 -0.385151 0.807071 0.496227
0.396237 -0.397447 0.972178 0.585788
0.402526 -0.409123 0.987428 0.583449
0.408816 -0.420159 0.850471 0.493138
0.415105 -0.430539 0.582418 0.331664
0.421395 -0.440247 0.224589 0.125714
0.427684 -0.449268 -0.167860 -0.092446
0.433974 -0.457587 -0.534434 -0.289884
0.440263 -0.465192 -0.818628 -0.437809
0.446553 -0.472070 -0.976634 -0.515594
0.452842 -0.478211 -0.984097 -0.513490
0.459132 -0.483606 -0.839867 -0.433702
0.465421 -0.488245 -0.566175 -0.289743
0.471711 -0.492122 -0.205210 -0.104222
0.478000 -0.495231 0.187386 0.094587
0.484290 -0.497566 0.551098 0.276891
0.490579 -0.499124 0.829862 0.415657
0.496869 -0.499903 0.980706 0.490448
0.503158 -0.499902 0.980379 0.490286
0.509447 -0.499119 0.828932 0.415196
0.515737 -0.497558 0.549709 0.276197
0.522026 -0.495219 0.185751 0.093764
0.528316 -0.492108 -0.206839 -0.105052
0.534605 -0.488227 -0.567546 -0.290455
0.540895 -0.483585 -0.840769 -0.434186
0.547184 -0.478187 -0.984391 -0.513668
0.553474 -0.472043 -0.976275 -0.515431
0.559763 -0.465162 -0.817671 -0.437322
0.566053 -0.457554 -0.533027 -0.289138
0.572342 -0.449232 -0.166219 -0.091548
0.578632 -0.440208 0.226210 0.126631
0.584921 -0.430497 0.583770 0.332459
0.591211 -0.420114 0.851345 0.493683
0.597500 -0.409075 0.987689 0.583651
0.603790 -0.397397 0.971786 0.585602
0.610079 -0.385098 0.806087 0.495665
0.616369 -0.372198 0.516134 0.324030
0.622658 -0.358718 0.146622 0.094026
0.628947 -0.344676 -0.245492 -0.160877
0.635237 -0.330097 -0.599764 -0.401784
0.641526 -0.315002 -0.861586 -0.590184
0.647816 -0.299416 -0.990599 -0.693998
0.654105 -0.283362 -0.966915 -0.692929
0.660395 -0.266865 -0.794187 -0.582246
0.666684 -0.249952 -0.499039 -0.374303
0.672974 -0.232648 -0.126966 -0.097428
0.679263 -0.214982 0.264677 0.207777
0.685553 -0.196979 0.615523 0.494277
0.691842 -0.178669 0.871488 0.715780
0.698132 -0.160080 0.993118 0.834140
0.704421 -0.141241 0.961664 0.825837
0.710711 -0.122181 0.781974 0.686431
0.717000 -0.102931 0.481747 0.432160
0.723290 -0.083520 0.107261 0.098303
0.729579 -0.063978 -0.283759 -0.265604
0.735869 -0.044337 -0.631038 -0.603060
0.742158 -0.024626 -0.881047 -0.859350
0.748447 -0.004877 -0.995246 -0.990392
0.754737 0.014879 -0.956033 -0.970259
0.761026 0.034613 -0.769453 -0.796086
0.767316 0.054292 -0.464265 -0.489471
0.773605 0.073887 -0.087513 -0.093980
0.779895 0.093366 0.302728 0.330993
0.786184 0.112700 0.646306 0.719144
0.792474 0.131857 0.890259 1.007646
0.798763 0.150809 0.996983 1.147336
0.805053 0.169525 0.950027 1.111080
0.811342 0.187976 0.756629 0.898857
0.817632 0.206134 0.446601 0.538661
0.823921 0.223970 0.067731 0.082901
0.830211 0.241457 -0.321578 -0.399226
0.836500 0.258566 -0.661319 -0.832313
0.842790 0.275271 -0.899120 -1.146622
0.849079 0.291547 -0.998326 -1.289386
0.855369 0.307368 -0.943646 -1.233692
0.861658 0.322708 -0.743507 -0.983443
0.867948 0.337545 -0.428761 -0.573487
0.874237 0.351854 -0.047923 -0.064785
0.880526 0.365615 0.340302 0.464722
0.886816 0.378804 0.676071 0.932170
0.893105 0.391402 0.907627 1.262874
0.899395 0.403388 0.999277 1.402374
0.905684 0.414745 0.936894 1.325466
0.911974 0.425454 0.730093 1.040714
0.918263 0.435499 0.410752 0.589634
0.924553 0.444864 0.028095 0.040594
0.930842 0.453534 -0.358892 -0.521661
0.937132 0.461496 -0.690558 -1.009247
0.943421 0.468737 -0.915777 -1.345036
0.949711 0.475247 -0.999835 -1.475003
0.956000 0.481014 -0.929773 -1.377006
0.962290 0.486030 -0.716391 -1.064578
0.968579 0.490288 -0.392581 -0.585059
0.974869 0.493779 -0.008257 -0.012334
0.981158 0.496500 0.377340 0.564690
0.987448 0.498446 0.704772 1.056063
0.993737 0.499613 0.923567 1.384993
1.000026 0.500000 0.999999 1.499998
1.006316 0.499606 0.922286 1.383065
1.012605 0.498433 0.702407 1.052509
1.018895 0.496481 0.374256 0.560066
1.025184 0.493753 -0.011585 -0.017305
1.031474 0.490255 -0.395640 -0.589605
1.037763 0.485991 -0.718709 -1.067996
1.044053 0.480969 -0.930993 -1.378771
1.050342 0.475195 -0.999769 -1.474854
1.056632 0.468679 -0.914435 -1.343012
1.062921 0.461432 -0.688146 -1.005679
1.069211 0.453464 -0.355783 -0.517118
1.075500 0.444788 0.031422 0.045399
1.081790 0.435417 0.413784 0.593953
1.088079 0.425367 0.732363 1.043886
1.094369 0.414652 0.938052 1.327018
1.100658 0.403290 0.999145 1.402090
1.106948 0.391298 0.906225 1.260829
1.113237 0.378695 0.673615 0.928710
1.119527 0.365501 0.337170 0.460406
1.125816 0.351736 -0.051247 -0.069273
1.132105 0.337422 -0.431765 -0.577453
1.138395 0.322581 -0.745729 -0.986287
1.144684 0.307236 -0.944742 -1.235002
1.150974 0.291412 -0.998128 -1.288995
1.157263 0.275132 -0.897658 -1.144633
1.163553 0.258423 -0.658818 -0.829072
1.169842 0.241311 -0.318425 -0.395264
1.176132 0.223821 0.071052 0.086955
1.182421 0.205983 0.449577 0.542182
1.188711 0.187822 0.758801 0.901321
1.195000 0.169368 0.951061 1.112140
1.201290 0.150650 0.996719 1.146874
1.207579 0.131697 0.888738 1.005781
1.213869 0.112538 0.643762 0.716210
1.220158 0.093203 0.299554 0.327473
1.226448 0.073722 -0.090829 -0.097525
1.232737 0.054127 -0.467211 -0.492499
1.239027 0.034447 -0.771575 -0.798153
1.245316 0.014713 -0.957004 -0.971085
1.251605 -0.005044 -0.994916 -0.989898
1.257895 -0.024793 -0.879467 -0.857663
1.264184 -0.044503 -0.628453 -0.600485
1.270474 -0.064143 -0.280565 -0.262569
1.276763 -0.083684 0.110570 0.101317
1.283053 -0.103094 0.484661 0.434696
1.289342 -0.122343 0.784044 0.688122
1.295632 -0.141401 0.962571 0.826463
1.301921 -0.160238 0.992723 0.833651
1.308211 -0.178824 0.869851 0.714300
1.314500 -0.197132 0.612896 0.492074
1.320790 -0.215132 0.261466 0.205216
1.327079 -0.232796 -0.130267 -0.099942
1.333369 -0.250096 -0.501921 -0.376392
1.339658 -0.267006 -0.796205 -0.583614
1.345948 -0.283499 -0.967759 -0.693400
1.352237 -0.299549 -0.990138 -0.693543
1.358527 -0.315132 -0.859892 -0.588913
1.364816 -0.330222 -0.597098 -0.399923
1.371106 -0.344797 -0.242264 -0.158732
1.377395 -0.358833 0.149913 0.096119
1.383684 -0.372310 0.518982 0.325760
1.389974 -0.385204 0.808053 0.496787
1.396263 -0.397498 0.972566 0.585973
1.402553 -0.409170 0.987163 0.583245
1.408842 -0.420204 0.849594 0.492591
1.415132 -0.430582 0.581064 0.330869
1.421421 -0.440287 0.222966 0.124797
1.427711 -0.449305 -0.169501 -0.093343
1.434000 -0.457621 -0.535840 -0.290628
1.440290 -0.465223 -0.819582 -0.438294
1.446579 -0.472098 -0.976990 -0.515755
1.452869 -0.478236 -0.983800 -0.513312
1.459158 -0.483627 -0.838962 -0.433217
1.465448 -0.488263 -0.564802 -0.289030
1.471737 -0.492137 -0.203581 -0.103391
1.478027 -0.495242 0.189021 0.095410
1.484316 -0.497574 0.552486 0.277583
1.490606 -0.499129 0.830789 0.416118
1.496895 -0.499905 0.981030 0.490608
1.503184 -0.499900 0.980049 0.490123
1.509474 -0.499114 0.828000 0.414733
1.515763 -0.497550 0.548318 0.275503
1.522053 -0.495208 0.184116 0.092940
1.528342 -0.492093 -0.208467 -0.105882
1.534632 -0.488209 -0.568916 -0.291166
1.540921 -0.483564 -0.841669 -0.434668
1.547211 -0.478163 -0.984683 -0.513844
1.553500 -0.472015 -0.975913 -0.515267
1.559790 -0.465131 -0.816711 -0.436834
1.566079 -0.457520 -0.531618 -0.288392
1.572369 -0.449195 -0.164578 -0.090650
1.578658 -0.440169 0.227831 0.127547
1.584948 -0.430455 0.585121 0.333253
1.591237 -0.420069 0.852217 0.494227
1.597527 -0.409027 0.987948 0.583851
1.603816 -0.397346 0.971393 0.585413
1.610106 -0.385045 0.805101 0.495101
1.616395 -0.372143 0.514708 0.323163
1.622684 -0.358660 0.144975 0.092978
1.628974 -0.344616 -0.247105 -0.161949
1.635263 -0.330035 -0.601095 -0.402713
1.641553 -0.314938 -0.862430 -0.590818
1.647842 -0.299349 -0.990825 -0.694222
1.654132 -0.283293 -0.966489 -0.692690
1.660421 -0.266795 -0.793175 -0.581560
1.666711 -0.249880 -0.497596 -0.373257
1.673000 -0.232575 -0.125315 -0.096170
1.679290 -0.214906 0.266282 0.209056
1.685579 -0.196903 0.616833 0.495377
1.691869 -0.178591 0.872303 0.716517
1.698158 -0.160001 0.993311 0.834381
1.704448 -0.141161 0.961206 0.825521
1.710737 -0.122101 0.780935 0.685583
1.717027 -0.102849 0.480288 0.430890
1.723316 -0.083438 0.105606 0.096795
1.729606 -0.063896 -0.285354 -0.267121
1.735895 -0.044254 -0.632329 -0.604345
1.742185 -0.024543 -0.881833 -0.860190
1.748474 -0.004794 -0.995407 -0.990635
1.754763 0.014963 -0.955544 -0.969841
1.761053 0.034696 -0.768389 -0.795049
1.767342 0.054375 -0.462791 -0.487955
1.773632 0.073969 -0.085855 -0.092206
1.779921 0.093448 0.304314 0.332751
1.786211 0.112781 0.647575 0.720609
1.792500 0.131937 0.891015 1.008574
1.798790 0.150888 0.997110 1.147562
1.805079 0.169603 0.949506 1.110545
1.811369 0.188053 0.755540 0.897622
1.817658 0.206210 0.445111 0.536898
1.823948 0.224045 0.066071 0.080874
1.830237 0.241529 -0.323154 -0.401205
1.836527 0.258637 -0.662566 -0.833930
1.842816 0.275341 -0.899847 -1.147612
1.849106 0.291615 -0.998421 -1.289576
1.855395 0.307433 -0.943094 -1.233032
1.861685 0.322772 -0.742393 -0.982017
1.867974 0.337606 -0.427257 -0.571501
1.874263 0.351913 -0.046260 -0.062540
1.880553 0.365671 0.341867 0.466877
1.886842 0.378858 0.677297 0.933896
1.893132 0.391453 0.908325 1.263891
1.899421 0.403437 0.999339 1.402510
1.905711 0.414791 0.936311 1.324684
1.912000 0.425498 0.728954 1.039123
1.918290 0.435540 0.409234 0.587471
1.924579 0.444902 0.026432 0.038191
1.930869 0.453569 -0.360445 -0.523931
1.937158 0.461528 -0.691760 -1.011027
1.943448 0.468766 -0.916445 -1.346043
1.949737 0.475272 -0.999864 -1.475071
1.956027 0.481037 -0.929159 -1.376118
1.962316 0.486050 -0.715229 -1.062865
1.968606 0.490304 -0.391050 -0.582783
1.974895 0.493792 -0.006592 -0.009848
1.981185 0.496510 0.378881 0.566999
1.987474 0.498452 0.705952 1.057835
1.993764 0.499616 0.924204 1.385951
2.000053 0.500000 0.999994 1.499992
2.006342 0.499603 0.921641 1.382096
2.012632 0.498426 0.701221 1.050728
2.018921 0.496471 0.372712 0.557752
2.025211 0.493740 -0.013249 -0.019791
2.031500 0.490239 -0.397168 -0.591875
2.037790 0.485972 -0.719865 -1.069700
2.044079 0.480946 -0.931599 -1.379648
2.050369 0.475169 -0.999732 -1.474773
2.056658 0.468650 -0.913760 -1.341994
2.062948 0.461400 -0.686938 -1.003891
2.069237 0.453429 -0.354227 -0.514844
2.075527 0.444750 0.033086 0.047801
2.081816 0.435376 0.415299 0.596110
2.088106 0.425323 0.733496 1.045468
2.094395 0.414605 0.938628 1.327788
2.100685 0.403241 0.999075 1.401943
2.106974 0.391246 0.905520 1.259801
2.113264 0.378641 0.672384 0.926976
2.119553 0.365444 0.335603 0.458247
2.125842 0.351677 -0.052909 -0.071516
2.132132 0.337361 -0.433266 -0.579433
2.138421 0.322517 -0.746837 -0.987705
2.144711 0.307171 -0.945287 -1.235651
2.151000 0.291344 -0.998025 -1.288794
2.157290 0.275063 -0.896923 -1.143634
2.163579 0.258352 -0.657565 -0.827449
2.169869 0.241238 -0.316847 -0.393282
2.176158 0.223747 0.072712 0.088981
2.182448 0.205907 0.451063 0.543939
2.188737 0.187745 0.759884 0.902549
2.195027 0.169290 0.951573 1.112665
2.201316 0.150571 0.996583 1.146639
2.207606 0.131616 0.887973 1.004845
2.213895 0.112456 0.642488 0.714740
2.220185 0.093121 0.297966 0.325713
2.226474 0.073640 -0.092486 -0.099297
2.232764 0.054044 -0.468682 -0.494011
2.239053 0.034364 -0.772632 -0.799183
2.245342 0.014630 -0.957486 -0.971494
2.251632 -0.005127 -0.994747 -0.989647
2.257921 -0.024876 -0.878674 -0.856816
2.264211 -0.044586 -0.627157 -0.599195
2.270500 -0.064226 -0.278968 -0.261051
2.276790 -0.083766 0.112224 0.102823
2.283079 -0.103175 0.486116 0.435961
2.289369 -0.122423 0.785076 0.688965
2.295658 -0.141480 0.963021 0.826772
2.301948 -0.160316 0.992521 0.833403
2.308237 -0.178902 0.869028 0.713557
2.314527 -0.197208 0.611580 0.490971
2.320816 -0.215207 0.259859 0.203936
2.327106 -0.232869 -0.131917 -0.101198
2.333395 -0.250168 -0.503359 -0.377435
2.339685 -0.267076 -0.797211 -0.584295
2.345974 -0.283567 -0.968177 -0.693634
2.352264 -0.299616 -0.989903 -0.693313
2.358553 -0.315196 -0.859041 -0.588274
2.364843 -0.330285 -0.595762 -0.398991
2.371132 -0.344857 -0.240649 -0.157659
2.377421 -0.358891 0.151559 0.097166
2.383711 -0.372365 0.520404 0.326624
2.390000 -0.385257 0.809032 0.497347
2.396290 -0.397548 0.972952 0.586157
2.402579 -0.409218 0.986896 0.583040
2.408869 -0.420249 0.848715 0.492043
2.415158 -0.430624 0.579709 0.330072
2.421448 -0.440326 0.221344 0.123880
2.427737 -0.449341 -0.171141 -0.094240
2.434027 -0.457654 -0.537244 -0.291372
2.440316 -0.465253 -0.820535 -0.438778
2.446606 -0.472125 -0.977344 -0.515915
2.452895 -0.478260 -0.983500 -0.513131
2.459185 -0.483648 -0.838055 -0.432731
2.465474 -0.488281 -0.563428 -0.288317
2.471764 -0.492152 -0.201951 -0.102561
2.478053 -0.495254 0.190655 0.096232
2.484343 -0.497582 0.553873 0.278276
2.490632 -0.499134 0.831714 0.416577
2.496921 -0.499906 0.981351 0.490767
2.503211 -0.499898 0.979717 0.489958
2.509500 -0.499109 0.827065 0.414269
2.515790 -0.497541 0.546925 0.274807
2.522079 -0.495196 0.182480 0.092116
2.528369 -0.492078 -0.210094 -0.106712
2.534658 -0.488191 -0.570283 -0.291876
2.540948 -0.483542 -0.842566 -0.435150
2.547237 -0.478139 -0.984972 -0.514019
2.553527 -0.471988 -0.975549 -0.515101
2.559816 -0.465100 -0.815750 -0.436344
2.566106 -0.457487 -0.530207 -0.287645
2.572395 -0.449159 -0.162936 -0.089752
2.578685 -0.440129 0.229451 0.128463
2.584974 -0.430412 0.586469 0.334046
2.591264 -0.420024 0.853086 0.494770
2.597553 -0.408979 0.988205 0.584050
2.603843 -0.397296 0.970996 0.585223
2.610132 -0.384992 0.804113 0.494536
2.616422 -0.372087 0.513280 0.322295
2.622711 -0.358602 0.143328 0.091930
2.629000 -0.344556 -0.248717 -0.163020
2.635290 -0.329972 -0.602425 -0.403641
2.641579 -0.314873 -0.863271 -0.591450
2.647869 -0.299283 -0.991048 -0.694445
2.654158 -0.283225 -0.966061 -0.692449
2.660448 -0.266724 -0.792160 -0.580872
2.666737 -0.249808 -0.496152 -0.372209
2.673027 -0.232501 -0.123664 -0.094912
2.679316 -0.214831 0.267886 0.210336
2.685606 -0.196826 0.618142 0.496476
2.691895 -0.178514 0.873115 0.717253
2.698185 -0.159922 0.993502 0.834619
2.704474 -0.141081 0.960746 0.825202
2.710764 -0.122020 0.779895 0.684732
2.717053 -0.102768 0.478827 0.429619
2.723343 -0.083356 0.103951 0.095286
2.729632 -0.063813 -0.286949 -0.268638
2.735922 -0.044171 -0.633617 -0.605629
2.742211 -0.024460 -0.882616 -0.861027
2.748500 -0.004711 -0.995565 -0.990875
2.754790 0.015046 -0.955052 -0.969421
2.761079 0.034779 -0.767323 -0.794009
2.767369 0.054458 -0.461315 -0.486437
2.773658 0.074052 -0.084197 -0.090432
2.779948 0.093530 0.305899 0.334510
2.786237 0.112862 0.648842 0.722072
2.792527 0.132018 0.891770 1.009499
2.798816 0.150967 0.997235 1.147785
2.805106 0.169681 0.948982 1.110007
2.811395 0.188131 0.754448 0.896383
2.817685 0.206286 0.443620 0.535133
2.823974 0.224119 0.064410 0.078846
2.830264 0.241602 -0.324728 -0.403184
2.836553 0.258708 -0.663812 -0.835545
2.842843 0.275410 -0.900572 -1.148599
2.849132 0.291682 -0.998513 -1.289762
2.855422 0.307499 -0.942539 -1.232369
2.861711 0.322835 -0.741277 -0.980588
2.868000 0.337668 -0.425751 -0.569514
2.874290 0.351973 -0.044598 -0.060295
2.880579 0.365728 0.343430 0.469032
2.886869 0.378912 0.678520 0.935620
2.893158 0.391505 0.909020 1.264905
2.899448 0.403487 0.999398 1.402642
2.905737 0.414838 0.935725 1.323899
2.912027 0.425541 0.727814 1.037529
2.918316 0.435581 0.407715 0.585307
2.924606 0.444940 0.024768 0.035788
2.930895 0.453604 -0.361997 -0.526200
2.937185 0.461560 -0.692961 -1.012804
2.943474 0.468795 -0.917109 -1.347046
2.949764 0.475298 -0.999890 -1.475136
2.956053 0.481059 -0.928542 -1.375226
2.962343 0.486069 -0.714065 -1.061149
2.968632 0.490320 -0.389517 -0.580506
2.974922 0.493806 -0.004928 -0.007362
2.981211 0.496520 0.380421 0.569307
2.987501 0.498459 0.707130 1.059605
2.993790 0.499619 0.924838 1.386905
3.000079 0.500000 0.999988 1.499981
3.006369 0.499600 0.920994 1.381122
3.012658 0.498419 0.700034 1.048944
3.018948 0.496461 0.371167 0.555437
3.025237 0.493727 -0.014913 -0.022277
3.031527 0.490222 -0.398695 -0.594144
3.037816 0.485952 -0.721020 -1.071401
3.044106 0.480923 -0.932203 -1.380521
3.050395 0.475143 -0.999692 -1.474688
3.056685 0.468621 -0.913083 -1.340973
3.062974 0.461368 -0.685727 -1.002100
3.069264 0.453394 -0.352670 -0.512569
3.075553 0.444712 0.034749 0.050203
3.081843 0.435335 0.416812 0.598265
3.088132 0.425279 0.734626 1.047047
3.094422 0.414559 0.939200 1.328554
3.100711 0.403191 0.999002 1.401791
3.107001 0.391194 0.904813 1.258770
3.113290 0.378586 0.671151 0.925240
3.119579 0.365387 0.334035 0.456087
3.125869 0.351618 -0.054571 -0.073759
3.132158 0.337299 -0.434765 -0.581411
3.138448 0.322454 -0.747943 -0.989120
3.144737 0.307105 -0.945828 -1.236297
3.151027 0.291277 -0.997919 -1.288590
3.157316 0.274993 -0.896186 -1.142632
3.163606 0.258281 -0.656310 -0.825823
3.169895 0.241165 -0.315268 -0.391299
3.176185 0.223673 0.074372 0.091007
3.182474 0.205831 0.452547 0.545696
3.188764 0.187668 0.760965 0.903774
3.195053 0.169212 0.952084 1.113188
3.201343 0.150491 0.996444 1.146400
3.207632 0.131536 0.887207 1.003907
3.213922 0.112375 0.641212 0.713268
3.220211 0.093039 0.296377 0.323951
3.226501 0.073558 -0.094143 -0.101068
3.232790 0.053961 -0.470151 -0.495521
3.239080 0.034281 -0.773688 -0.800211
3.245369 0.014547 -0.957964 -0.971900
3.251658 -0.005210 -0.994576 -0.989394
3.257948 -0.024959 -0.877878 -0.855967
3.264237 -0.044668 -0.625860 -0.597904
3.270527 -0.064308 -0.277369 -0.259532
3.276816 -0.083848 0.113877 0.104329
3.283106 -0.103257 0.487570 0.437225
3.289395 -0.122504 0.786106 0.689805
3.295685 -0.141560 0.963468 0.827079
3.301974 -0.160395 0.992316 0.833153
3.308264 -0.178980 0.868204 0.712813
3.314553 -0.197285 0.610262 0.489867
3.320843 -0.215282 0.258252 0.202655
3.327132 -0.232943 -0.133567 -0.102453
3.333422 -0.250240 -0.504797 -0.378476
3.339711 -0.267147 -0.798215 -0.584974
3.346001 -0.283636 -0.968592 -0.693865
3.352290 -0.299682 -0.989666 -0.693080
3.358580 -0.315261 -0.858188 -0.587635
3.364869 -0.330347 -0.594424 -0.398058
3.371158 -0.344918 -0.239033 -0.156586
3.377448 -0.358949 0.153204 0.098211
3.383737 -0.372421 0.521825 0.327486
3.390027 -0.385310 0.810009 0.497904
3.396316 -0.397599 0.973335 0.586338
3.402606 -0.409266 0.986626 0.582834
3.408895 -0.420294 0.847834 0.491494
3.415185 -0.430666 0.578352 0.329275
3.421474 -0.440366 0.219720 0.122963
3.427764 -0.449378 -0.172780 -0.095137
3.434053 -0.457688 -0.538647 -0.292115
3.440343 -0.465283 -0.821485 -0.439262
3.446632 -0.472153 -0.977695 -0.516074
3.452922 -0.478284 -0.983198 -0.512950
3.459211 -0.483669 -0.837146 -0.432244
3.465501 -0.488299 -0.562052 -0.287603
3.471790 -0.492166 -0.200321 -0.101730
3.478080 -0.495265 0.192288 0.097055
3.484369 -0.497591 0.555258 0.278967
3.490659 -0.499139 0.832637 0.417035
3.496948 -0.499908 0.981669 0.490925
3.503237 -0.499897 0.979382 0.489793
3.509527 -0.499104 0.826129 0.413804
3.515816 -0.497533 0.545531 0.274111
3.522106 -0.495185 0.180843 0.091292
3.528395 -0.492063 -0.211721 -0.107541
3.534685 -0.488173 -0.571650 -0.292586
3.540974 -0.483521 -0.843461 -0.435630
3.547264 -0.478114 -0.985258 -0.514192
3.553553 -0.471961 -0.975182 -0.514934
3.559843 -0.465070 -0.814786 -0.435854
3.566132 -0.457453 -0.528795 -0.286896
3.572422 -0.449122 -0.161294 -0.088853
3.578711 -0.440090 0.231071 0.129379
3.585001 -0.430370 0.587817 0.334838
3.591290 -0.419978 0.853954 0.495312
3.597580 -0.408931 0.988458 0.584247
3.603869 -0.397245 0.970597 0.585032
3.610159 -0.384939 0.803123 0.493969
3.616448 -0.372032 0.511851 0.321426
3.622737 -0.358544 0.141681 0.090882
3.629027 -0.344496 -0.250329 -0.164092
3.635316 -0.329910 -0.603752 -0.404568
3.641606 -0.314809 -0.864110 -0.592081
3.647895 -0.299216 -0.991269 -0.694666
3.654185 -0.283156 -0.965630 -0.692206
3.660474 -0.266654 -0.791143 -0.580182
3.666764 -0.249736 -0.494706 -0.371160
3.673053 -0.232427 -0.122012 -0.093653
3.679343 -0.214756 0.269489 0.211615
3.685632 -0.196750 0.619450 0.497573
3.691922 -0.178436 0.873926 0.717986
3.698211 -0.159843 0.993690 0.834855
3.704501 -0.141001 0.960282 0.824881
3.710790 -0.121939 0.778852 0.683879
3.717080 -0.102687 0.477366 0.428347
3.723369 -0.083274 0.102296 0.093777
3.729659 -0.063731 -0.288543 -0.270154
3.735948 -0.044088 -0.634904 -0.606912
3.742237 -0.024377 -0.883397 -0.861863
3.748527 -0.004628 -0.995720 -0.991112
3.754816 0.015129 -0.954557 -0.968999
3.761106 0.034862 -0.766254 -0.792968
3.767395 0.054540 -0.459837 -0.484917
3.773685 0.074134 -0.082539 -0.088658
3.779974 0.093611 0.307483 0.336267
3.786264 0.112943 0.650108 0.723533
3.792553 0.132098 0.892521 1.010422
3.798843 0.151047 0.997358 1.148005
3.805132 0.169760 0.948456 1.109466
3.811422 0.188208 0.753355 0.895142
3.817711 0.206362 0.442128 0.533366
3.824001 0.224193 0.062749 0.076817
3.830290 0.241675 -0.326302 -0.405161
3.836580 0.258780 -0.665056 -0.837158
3.842869 0.275480 -0.901294 -1.149582
3.849159 0.291750 -0.998603 -1.289945
3.855448 0.307564 -0.941982 -1.231702
3.861738 0.322899 -0.740159 -0.979156
3.868027 0.337729 -0.424245 -0.567524
3.874316 0.352032 -0.042935 -0.058050
3.880606 0.365785 0.344993 0.471186
3.886895 0.378967 0.679742 0.937341
3.893185 0.391557 0.909712 1.265916
3.899474 0.403536 0.999455 1.402770
3.905764 0.414884 0.935137 1.323110
3.912053 0.425585 0.726672 1.035933
3.918343 0.435621 0.406194 0.583141
3.924632 0.444978 0.023104 0.033385
3.930922 0.453639 -0.363548 -0.528467
3.937211 0.461592 -0.694160 -1.014579
3.943501 0.468824 -0.917772 -1.348045
3.949790 0.475324 -0.999913 -1.475196
3.956080 0.481082 -0.927923 -1.374330
3.962369 0.486089 -0.712898 -1.059430
3.968659 0.490337 -0.387984 -0.578227
3.974948 0.493819 -0.003264 -0.004876
3.981238 0.496530 0.381959 0.571613
3.987527 0.498465 0.708305 1.061371
3.993816 0.499623 0.925470 1.387856
4.000106 0.500000 0.999978 1.499967
4.006395 0.499596 0.920344 1.380145
4.012685 0.498413 0.698844 1.047157
4.018974 0.496451 0.369621 0.553120
4.025264 0.493714 -0.016578 -0.024762
4.031553 0.490206 -0.400221 -0.596411
4.037843 0.485932 -0.722172 -1.073099
4.044132 0.480900 -0.932804 -1.381389
4.050422 0.475117 -0.999649 -1.474599
4.056711 0.468592 -0.912403 -1.339948
4.063001 0.461336 -0.684515 -1.000306
4.069290 0.453359 -0.351112 -0.510292
4.075580 0.444674 0.036412 0.052604
4.081869 0.435294 0.418324 0.600419
4.088159 0.425235 0.735754 1.048622
4.094448 0.414512 0.939771 1.329317
4.100738 0.403142 0.998926 1.401636
4.107027 0.391143 0.904103 1.257736
4.113317 0.378532 0.669916 0.923501
4.119606 0.365331 0.332466 0.453925
4.125895 0.351559 -0.056233 -0.076002
4.132185 0.337238 -0.436264 -0.583388
4.138474 0.322390 -0.749046 -0.990531
4.144764 0.307039 -0.946367 -1.236939
4.151053 0.291209 -0.997811 -1.288382
4.157343 0.274924 -0.895447 -1.141626
4.163632 0.258210 -0.655054 -0.824195
4.169922 0.241092 -0.313688 -0.389316
4.176211 0.223598 0.076031 0.093032
4.182501 0.205755 0.454031 0.547450
4.188790 0.187591 0.762044 0.904996
4.195080 0.169133 0.952591 1.113707
4.201369 0.150412 0.996302 1.146158
4.207659 0.131456 0.886438 1.002965
4.213948 0.112294 0.639933 0.711794
4.220238 0.092957 0.294787 0.322189
4.226527 0.073475 -0.095800 -0.102839
4.232817 0.053879 -0.471619 -0.497030
4.239106 0.034198 -0.774741 -0.801236
4.245395 0.014464 -0.958441 -0.972303
4.251685 -0.005293 -0.994401 -0.989138
4.257974 -0.025042 -0.877080 -0.855116
4.264264 -0.044751 -0.624561 -0.596611
4.270553 -0.064391 -0.275770 -0.258012
4.276843 -0.083930 0.115531 0.105834
4.283132 -0.103338 0.489022 0.438488
4.289422 -0.122585 0.787134 0.690643
4.295711 -0.141640 0.963912 0.827384
4.302001 -0.160474 0.992109 0.832901
4.308290 -0.179058 0.867377 0.712066
4.314580 -0.197361 0.608943 0.488761
4.320869 -0.215357 0.256644 0.201374
4.327159 -0.233017 -0.135216 -0.103708
4.333448 -0.250312 -0.506233 -0.379516
4.339738 -0.267217 -0.799216 -0.585652
4.346027 -0.283704 -0.969005 -0.694094
4.352317 -0.299749 -0.989426 -0.692846
4.358606 -0.315325 -0.857332 -0.586994
4.364895 -0.330410 -0.593085 -0.397124
4.371185 -0.344978 -0.237417 -0.155513
4.377474 -0.359007 0.154848 0.099256
4.383764 -0.372476 0.523244 0.328348
4.390053 -0.385364 0.810984 0.498460
4.396343 -0.397649 0.973715 0.586518
4.402632 -0.409314 0.986353 0.582625
4.408922 -0.420339 0.846950 0.490944
4.415211 -0.430709 0.576994 0.328478
4.421501 -0.440405 0.218097 0.122046
4.427790 -0.449414 -0.174419 -0.096033
4.434080 -0.457721 -0.540049 -0.292857
4.440369 -0.465314 -0.822433 -0.439743
4.446659 -0.472180 -0.978043 -0.516231
4.452948 -0.478309 -0.982893 -0.512767
4.459238 -0.483690 -0.836235 -0.431756
4.465527 -0.488317 -0.560675 -0.286888
4.471817 -0.492181 -0.198690 -0.100899
4.478106 -0.495277 0.193921 0.097877
4.484396 -0.497599 0.556641 0.279657
4.490685 -0.499144 0.833558 0.417492
4.496974 -0.499910 0.981985 0.491081
4.503264 -0.499895 0.979045 0.489625
4.509553 -0.499099 0.825190 0.413338
4.515843 -0.497525 0.544136 0.273415
4.522132 -0.495173 0.179206 0.090468
4.528422 -0.492048 -0.213348 -0.108370
4.534711 -0.488155 -0.573015 -0.293294
4.541001 -0.483500 -0.844354 -0.436109
4.547290 -0.478090 -0.985541 -0.514364
4.553580 -0.471933 -0.974812 -0.514766
4.559869 -0.465039 -0.813820 -0.435362
4.566159 -0.457420 -0.527382 -0.286147
4.572448 -0.449085 -0.159651 -0.087954
4.578738 -0.440050 0.232690 0.130295
4.585027 -0.430328 0.589162 0.335629
4.591317 -0.419933 0.854818 0.495852
4.597606 -0.408883 0.988709 0.584442
4.603896 -0.397195 0.970195 0.584839
4.610185 -0.384886 0.802130 0.493401
4.616474 -0.371976 0.510421 0.320557
4.622764 -0.358486 0.140033 0.089833
4.629053 -0.344435 -0.251940 -0.165163
4.635343 -0.329847 -0.605078 -0.405495
4.641632 -0.314744 -0.864946 -0.592710
4.647922 -0.299149 -0.991487 -0.694885
4.654211 -0.283087 -0.965196 -0.691961
4.660501 -0.266584 -0.790124 -0.579490
4.666790 -0.249664 -0.493259 -0.370110
4.673080 -0.232354 -0.120360 -0.092394
4.679369 -0.214681 0.271091 0.212893
4.685659 -0.196673 0.620756 0.498670
4.691948 -0.178358 0.874733 0.718718
4.698238 -0.159765 0.993876 0.835089
4.704527 -0.140922 0.959817 0.824558
4.710817 -0.121858 0.777807 0.683025
4.717106 -0.102605 0.475902 0.427072
4.723396 -0.083192 0.100640 0.092267
4.729685 -0.063648 -0.290136 -0.271669
4.735975 -0.044005 -0.636189 -0.608193
4.742264 -0.024294 -0.884176 -0.862696
4.748553 -0.004544 -0.995872 -0.991347
4.754843 0.015212 -0.954060 -0.968573
4.761132 0.034945 -0.765184 -0.791923
4.767422 0.054623 -0.458359 -0.483396
4.773711 0.074216 -0.080880 -0.086883
4.780001 0.093693 0.309066 0.338024
4.786290 0.113024 0.651371 0.724992
4.792580 0.132178 0.893271 1.011342
4.798869 0.151126 0.997477 1.148222
4.805159 0.169838 0.947928 1.108922
4.811448 0.188285 0.752260 0.893899
4.817738 0.206437 0.440635 0.531598
4.824027 0.224268 0.061088 0.074788
4.830317 0.241748 -0.327875 -0.407138
4.836606 0.258851 -0.666298 -0.838769
4.842896 0.275549 -0.902014 -1.150563
4.849185 0.291817 -0.998689 -1.290124
4.855475 0.307630 -0.941422 -1.231032
4.861764 0.322962 -0.739039 -0.977721
4.868053 0.337790 -0.422737 -0.565533
4.874343 0.352091 -0.041272 -0.055804
4.880632 0.365841 0.346554 0.473338
4.886922 0.379021 0.680961 0.939060
4.893211 0.391609 0.910402 1.266923
4.899501 0.403585 0.999508 1.402895
4.905790 0.414931 0.934546 1.322317
4.912080 0.425629 0.725527 1.034333
4.918369 0.435662 0.404673 0.580974
4.924659 0.445016 0.021440 0.030981
4.930948 0.453674 -0.365098 -0.530733
4.937238 0.461624 -0.695357 -1.016351
4.943527 0.468853 -0.918431 -1.349040
4.949817 0.475350 -0.999934 -1.475252
4.956106 0.481105 -0.927301 -1.373430
4.962396 0.486108 -0.711730 -1.057708
4.968685 0.490353 -0.386450 -0.575946
4.974975 0.493832 -0.001600 -0.002390
4.981264 0.496539 0.383497 0.573918
4.987553 0.498472 0.709479 1.063135
4.993843 0.499626 0.926099 1.388802
5.000132 0.500000 0.999965 1.499948
5.006422 0.499593 0.919692 1.379164
5.012711 0.498406 0.697653 1.045367
5.019001 0.496441 0.368074 0.550801
5.025290 0.493701 -0.018242 -0.027247
5.031580 0.490189 -0.401745 -0.598677
5.037869 0.485913 -0.723322 -1.074793
5.044159 0.480877 -0.933402 -1.382255
5.050448 0.475091 -0.999603 -1.474506
5.056738 0.468563 -0.911721 -1.338919
5.063027 0.461303 -0.683301 -0.998510
5.069317 0.453323 -0.349554 -0.508014
5.075606 0.444636 0.038076 0.055005
5.081896 0.435253 0.419836 0.602570
5.088185 0.425192 0.736880 1.050195
5.094475 0.414466 0.940338 1.330076
5.100764 0.403093 0.998848 1.401477
5.107054 0.391091 0.903390 1.256698
5.113343 0.378478 0.668680 0.921760
5.119632 0.365274 0.330896 0.451763
5.125922 0.351499 -0.057895 -0.078244
5.132211 0.337176 -0.437760 -0.585363
5.138501 0.322327 -0.750148 -0.991940
5.144790 0.306974 -0.946904 -1.237578
5.151080 0.291141 -0.997699 -1.288171
5.157369 0.274854 -0.894704 -1.140618
5.163659 0.258138 -0.653795 -0.822565
5.169948 0.241019 -0.312107 -0.387331
5.176238 0.223524 0.077691 0.095056
5.182527 0.205679 0.455513 0.549203
5.188817 0.187514 0.763120 0.906216
5.195106 0.169055 0.953097 1.114222
5.201396 0.150333 0.996158 1.145913
5.207685 0.131376 0.885666 1.002021
5.213975 0.112213 0.638654 0.710319
5.220264 0.092876 0.293196 0.320427
5.226554 0.073393 -0.097456 -0.104609
5.232843 0.053796 -0.473086 -0.498536
5.239132 0.034115 -0.775792 -0.802258
5.245422 0.014380 -0.958914 -0.972704
5.251711 -0.005377 -0.994224 -0.988879
5.258001 -0.025125 -0.876279 -0.854263
5.264290 -0.044834 -0.623261 -0.595317
5.270580 -0.064474 -0.274169 -0.256493
5.276869 -0.084012 0.117184 0.107339
5.283159 -0.103419 0.490473 0.439749
5.289448 -0.122665 0.788159 0.691479
5.295738 -0.141720 0.964354 0.827686
5.302027 -0.160553 0.991899 0.832647
5.308317 -0.179135 0.866547 0.711318
5.314606 -0.197438 0.607622 0.487654
5.320896 -0.215432 0.255035 0.200092
5.327185 -0.233090 -0.136865 -0.104963
5.333475 -0.250384 -0.507667 -0.380555
5.339764 -0.267287 -0.800215 -0.586328
5.346054 -0.283773 -0.969414 -0.694321
5.352343 -0.299816 -0.989183 -0.692611
5.358633 -0.315390 -0.856474 -0.586351
5.364922 -0.330472 -0.591744 -0.396189
5.371211 -0.345038 -0.235800 -0.154440
5.377501 -0.359065 0.156492 0.100301
5.383790 -0.372532 0.524661 0.329208
5.390080 -0.385417 0.811957 0.499015
5.396369 -0.397700 0.974093 0.586697
5.402659 -0.409362 0.986078 0.582416
5.408948 -0.420384 0.846064 0.490392
5.415238 -0.430751 0.575634 0.327679
5.421527 -0.440445 0.216472 0.121128
5.427817 -0.449451 -0.176058 -0.096928
5.434106 -0.457755 -0.541449 -0.293598
5.440396 -0.465344 -0.823378 -0.440224
5.446685 -0.472207 -0.978388 -0.516386
5.452975 -0.478333 -0.982585 -0.512582
5.459264 -0.483711 -0.835321 -0.431267
5.465554 -0.488335 -0.559296 -0.286172
5.471843 -0.492196 -0.197059 -0.100067
5.478133 -0.495288 0.195554 0.098698
5.484422 -0.497607 0.558023 0.280347
5.490711 -0.499149 0.834476 0.417948
5.497001 -0.499911 0.982298 0.491236
5.503290 -0.499893 0.978705 0.489457
5.509580 -0.499094 0.824248 0.412871
5.515869 -0.497517 0.542739 0.272717
5.522159 -0.495162 0.177568 0.089643
5.528448 -0.492034 -0.214973 -0.109199
5.534738 -0.488137 -0.574378 -0.294002
5.541027 -0.483479 -0.845245 -0.436587
5.547317 -0.478065 -0.985822 -0.514534
5.553606 -0.471906 -0.974439 -0.514596
5.559896 -0.465009 -0.812852 -0.434869
5.566185 -0.457386 -0.525967 -0.285397
5.572475 -0.449049 -0.158008 -0.087055
5.578764 -0.440011 0.234308 0.131210
5.585054 -0.430285 0.590506 0.336420
5.591343 -0.419888 0.855681 0.496391
5.597633 -0.408835 0.988957 0.584636
5.603922 -0.397144 0.969790 0.584644
5.610211 -0.384833 0.801135 0.492832
5.616501 -0.371921 0.508989 0.319686
5.622790 -0.358428 0.138385 0.088784
5.629080 -0.344375 -0.253550 -0.166234
5.635369 -0.329785 -0.606402 -0.406420
5.641659 -0.314679 -0.865780 -0.593337
5.647948 -0.299083 -0.991703 -0.695102
5.654238 -0.283019 -0.964759 -0.691714
5.660527 -0.266513 -0.789103 -0.578796
5.666817 -0.249592 -0.491810 -0.369059
5.673106 -0.232280 -0.118708 -0.091134
5.679396 -0.214606 0.272693 0.214171
5.685685 -0.196597 0.622059 0.499765
5.691975 -0.178280 0.875539 0.719447
5.698264 -0.159686 0.994058 0.835321
5.704554 -0.140842 0.959348 0.824232
5.710843 -0.121778 0.776760 0.682168
5.717133 -0.102524 0.474438 0.425797
5.723422 -0.083110 0.098984 0.090757
5.729712 -0.063566 -0.291728 -0.273184
5.736001 -0.043923 -0.637472 -0.609472
5.742290 -0.024211 -0.884952 -0.863527
5.748580 -0.004461 -0.996022 -0.991579
5.754869 0.015295 -0.953560 -0.968145
5.761159 0.035028 -0.764111 -0.790877
5.767448 0.054706 -0.456879 -0.481873
5.773738 0.074298 -0.079221 -0.085107
5.780027 0.093775 0.310649 0.339780
5.786317 0.113105 0.652633 0.726449
5.792606 0.132258 0.894018 1.012259
5.798896 0.151205 0.997594 1.148436
5.805185 0.169916 0.947396 1.108374
5.811475 0.188362 0.751162 0.892652
5.817764 0.206513 0.439140 0.529828
5.824054 0.224342 0.059427 0.072759
5.830343 0.241821 -0.329447 -0.409114
5.836633 0.258922 -0.667538 -0.840378
5.842922 0.275619 -0.902731 -1.151541
5.849212 0.291885 -0.998773 -1.290300
5.855501 0.307696 -0.940859 -1.230358
5.861790 0.323026 -0.737917 -0.976283
5.868080 0.337852 -0.421228 -0.563541
5.874369 0.352150 -0.039609 -0.053558
5.880659 0.365898 0.348115 0.475490
5.886948 0.379075 0.682179 0.940777
5.893238 0.391660 0.911089 1.267926
5.899527 0.403634 0.999559 1.403015
5.905817 0.414977 0.933952 1.321521
5.912106 0.425672 0.724381 1.032730
5.918396 0.435703 0.403150 0.578804
5.924685 0.445053 0.019776 0.028578
5.930975 0.453709 -0.366646 -0.532997
5.937264 0.461656 -0.696552 -1.018120
5.943554 0.468882 -0.919088 -1.350032
5.949843 0.475376 -0.999951 -1.475304
5.956133 0.481127 -0.926677 -1.372527
5.962422 0.486128 -0.710560 -1.055983
5.968712 0.490369 -0.384914 -0.573664
5.975001 0.493845 0.000065 0.000097
5.981291 0.496549 0.385033 0.576221
5.987580 0.498478 0.710651 1.064895
5.993869 0.499629 0.926726 1.389745
6.000159 0.500000 0.999950 1.499925
6.006448 0.499590 0.919037 1.378179
6.012738 0.498399 0.696460 1.043575
6.019027 0.496431 0.366526 0.548481
6.025317 0.493687 -0.019906 -0.029733
6.031606 0.490173 -0.403269 -0.600940
6.037896 0.485893 -0.724470 -1.076485
6.044185 0.480855 -0.933998 -1.383116
6.050475 0.475065 -0.999555 -1.474409
6.056764 0.468534 -0.911036 -1.337887
6.063054 0.461271 -0.682085 -0.996711
6.069343 0.453288 -0.347994 -0.505735
6.075633 0.444597 0.039739 0.057406
6.081922 0.435212 0.421345 0.604720
6.088212 0.425148 0.738004 1.051765
6.094501 0.414419 0.940903 1.330832
6.100791 0.403044 0.998767 1.401313
6.107080 0.391039 0.902675 1.255657
6.113369 0.378423 0.667441 0.920017
6.119659 0.365217 0.329325 0.449599
6.125948 0.351440 -0.059556 -0.080486
6.132238 0.337115 -0.439256 -0.587336
6.138527 0.322263 -0.751247 -0.993347
6.144817 0.306908 -0.947438 -1.238214
6.151106 0.291074 -0.997585 -1.287956
6.157396 0.274785 -0.893960 -1.139606
6.163685 0.258067 -0.652535 -0.820933
6.169975 0.240946 -0.310526 -0.385346
6.176264 0.223449 0.079350 0.097081
6.182554 0.205603 0.456994 0.550954
6.188843 0.187436 0.764195 0.907433
6.195133 0.168977 0.953599 1.114735
6.201422 0.150253 0.996011 1.145664
6.207712 0.131295 0.884892 1.001074
6.214001 0.112132 0.637372 0.708842
6.220291 0.092794 0.291604 0.318664
6.226580 0.073311 -0.099113 -0.106379
6.232870 0.053713 -0.474552 -0.500042
6.239159 0.034032 -0.776842 -0.803279
6.245448 0.014297 -0.959385 -0.973101
6.251738 -0.005460 -0.994044 -0.988617
6.258027 -0.025208 -0.875476 -0.853407
6.264317 -0.044917 -0.621958 -0.594022
6.270606 -0.064556 -0.272568 -0.254973
6.276896 -0.084094 0.118836 0.108843
6.283185 -0.103501 0.491923 0.441009
