0.000000 0.000000 0.000000 0.000000
0.006289 0.157907 0.384974 0.822815
0.012579 0.314829 0.710606 1.314764
0.018868 0.469784 0.926701 1.023714
0.025158 0.621807 0.999951 -0.032178
0.031447 0.769947 0.919063 -1.282195
0.037737 0.913281 0.696506 -1.912433
0.044026 1.050912 0.366586 -1.398993
0.050316 1.181982 -0.019841 0.086568
0.056605 1.305673 -0.403210 1.701495
0.062895 1.421211 -0.724426 2.418233
0.069184 1.527877 -0.933975 1.687331
0.075474 1.625003 -0.999557 -0.156165
0.081763 1.711984 -0.911062 -2.037255
0.088053 1.788276 -0.682132 -2.781555
0.094342 1.853403 -0.348054 -1.862086
0.100632 1.906958 0.039674 0.230479
0.106921 1.948608 0.421287 2.253188
0.113211 1.978092 0.737960 2.966228
0.119500 1.995225 0.940881 1.909222
0.125789 1.999902 0.998770 -0.297135
0.132079 1.992092 0.902703 -2.324259
0.138368 1.971845 0.667490 -2.954165
0.144658 1.939287 0.329386 -1.828262
0.150947 1.894621 -0.059491 0.343800
0.157237 1.838126 -0.439198 2.239686
0.163526 1.770155 -0.751205 2.747147
0.169816 1.691132 -0.947417 1.631770
0.176105 1.601550 -0.997589 -0.360182
0.182395 1.501970 -0.893989 -2.004512
0.188684 1.393012 -0.652584 -2.366563
0.194974 1.275357 -0.310587 -1.343494
0.201263 1.149739 0.079285 0.339813
0.207553 1.016943 0.456937 1.639552
0.213842 0.877798 0.764153 1.851154
0.220132 0.733172 0.953579 0.995404
0.226421 0.583969 0.996016 -0.281364
0.232711 0.431120 0.884922 -1.179651
0.239000 0.275580 0.637422 -1.252984
0.245290 0.118318 0.291666 -0.623987
0.251579 -0.039682 -0.099048 0.189300
0.257868 -0.197434 -0.474495 0.670429
0.264158 -0.353954 -0.776801 0.632076
0.270447 -0.508263 -0.959367 0.266223
0.276737 -0.659400 -0.994051 -0.073752
0.283026 -0.806419 -0.875507 -0.163788
0.289316 -0.948404 -0.622009 -0.050259
0.295605 -1.084467 -0.272631 0.044312
0.301895 -1.213760 0.118772 -0.050418
0.308184 -1.335475 0.491867 -0.287337
0.314474 -1.448851 0.789143 -0.435116
0.320763 -1.553182 0.964776 -0.280802
0.327053 -1.647816 0.991694 0.165256
0.333342 -1.732162 0.865748 0.634476
0.339632 -1.805693 0.606351 0.776959
0.345921 -1.867950 0.253488 0.425658
0.352211 -1.918545 -0.138449 -0.251894
0.358500 -1.957162 -0.509045 -0.838771
0.364790 -1.983560 -0.801174 -0.943131
0.371079 -1.997573 -0.969806 -0.471881
0.377368 -1.999114 -0.988947 0.292998
0.383658 -1.988174 -0.855647 0.875222
0.389947 -1.964822 -0.590454 0.919549
0.396237 -1.929202 -0.234245 0.423210
0.402526 -1.881537 0.158072 -0.275188
0.408816 -1.822125 0.526022 -0.735582
0.415105 -1.751336 0.812889 -0.711428
0.421395 -1.669614 0.974454 -0.293092
0.427684 -1.577467 0.985811 0.191117
0.433974 -1.475472 0.845210 0.429550
0.440263 -1.364264 0.574325 0.342523
0.446553 -1.244539 0.214910 0.102652
0.452842 -1.117043 -0.177632 -0.040920
0.459132 -0.982574 -0.542793 0.015888
0.465421 -0.841970 -0.824285 0.147502
0.471711 -0.696109 -0.978718 0.122069
0.478000 -0.545902 -0.982286 -0.167169
0.484290 -0.392287 -0.834440 -0.558925
0.490579 -0.236222 -0.557969 -0.707315
0.496869 -0.078683 -0.195490 -0.353267
0.503158 0.079348 0.197122 0.417178
0.509447 0.236883 0.559350 1.146993
0.515737 0.392939 0.835356 1.279283
0.522026 0.546542 0.982597 0.564546
0.528316 0.696733 0.978375 -0.686722
0.534605 0.842574 0.823342 -1.722011
0.540895 0.983154 0.541394 -1.805414
0.547184 1.117596 0.175994 -0.733734
0.553474 1.245060 -0.216535 0.949201
0.559763 1.364751 -0.575686 2.226280
0.566053 1.475921 -0.846099 2.233246
0.572342 1.577876 -0.986089 0.845063
0.578632 1.669980 -0.974079 -1.176641
0.584921 1.751658 -0.811919 -2.608429
0.591211 1.822399 -0.524606 -2.521085
0.597500 1.881762 -0.156428 -0.890478
0.603790 1.929377 0.235863 1.342874
0.610079 1.964946 0.591796 2.828793
0.616369 1.988247 0.856508 2.642046
0.622658 1.999134 0.989193 0.869971
0.628947 1.997540 0.969399 -1.426707
0.635237 1.983474 0.800177 -2.863643
0.641526 1.957025 0.507612 -2.586516
0.647816 1.918357 0.136801 -0.790960
0.654105 1.867712 -0.255097 1.414686
0.660395 1.805407 -0.607673 2.707814
0.666684 1.731829 -0.866580 2.362796
0.672974 1.647439 -0.991907 0.666830
0.679263 1.552763 -0.964337 -1.303126
0.685553 1.448392 -0.788119 -2.375456
0.691842 1.334979 -0.490417 -1.995905
0.698132 1.213231 -0.117119 -0.514857
0.704421 1.083908 0.274232 1.099130
0.710711 0.947818 0.623311 1.898784
0.717000 0.805810 0.876310 1.524681
0.723290 0.658771 0.994231 0.353790
0.729579 0.507619 0.958896 -0.820431
0.735869 0.353298 0.775752 -1.324958
0.742158 0.196772 0.473029 -0.997535
0.748447 0.039016 0.097392 -0.201422
0.754737 -0.118983 -0.293258 0.494012
0.761026 -0.276239 -0.638703 0.711388
0.767316 -0.431770 -0.885696 0.467310
0.773605 -0.584606 -0.996163 0.072426
0.779895 -0.733792 -0.953077 -0.153614
0.786184 -0.878396 -0.763079 -0.119946
0.792474 -1.017516 -0.455455 0.014205
0.798763 -1.150284 -0.077626 0.023262
0.805053 -1.275870 0.312169 -0.163629
0.811342 -1.393490 0.653844 -0.389332
0.817632 -1.502409 0.894733 -0.401514
0.823921 -1.601949 0.997704 -0.081355
0.830211 -1.691487 0.946883 0.421112
0.836500 -1.770464 0.750105 0.764391
0.842790 -1.838388 0.437702 0.659890
0.849079 -1.894834 0.057830 0.103323
0.855369 -1.939449 -0.330957 -0.586791
0.861658 -1.971956 -0.668728 -0.966521
0.867948 -1.992151 -0.903418 -0.768620
0.874237 -1.999908 -0.998851 -0.095727
0.880526 -1.995179 -0.940316 0.636898
0.886816 -1.977993 -0.736836 0.974382
0.893105 -1.948458 -0.419777 0.722727
0.899395 -1.906758 -0.038011 0.068884
0.905684 -1.853153 0.349614 -0.558903
0.911974 -1.787978 0.683348 -0.786256
0.918263 -1.711639 0.911747 -0.533020
0.924553 -1.624615 0.999605 -0.035084
0.930842 -1.527447 0.933379 0.353371
0.937132 -1.420743 0.723277 0.420292
0.943421 -1.305168 0.401686 0.224515
0.949711 -1.181445 0.018177 0.006595
0.956000 -1.050346 -0.368134 -0.034465
0.962290 -0.912689 -0.697699 0.087281
0.968579 -0.769333 -0.919717 0.166571
0.974869 -0.621174 -0.999966 0.006255
0.981158 -0.469137 -0.926075 -0.371015
0.987448 -0.314171 -0.709434 -0.685814
0.993737 -0.157244 -0.383437 -0.596891
1.000026 0.000666 0.001664 0.003331
1.006316 0.158571 0.386509 0.825996
1.012605 0.315486 0.711776 1.315370
1.018895 0.470431 0.927326 1.020647
1.025184 0.622440 0.999933 -0.037590
1.031474 0.770562 0.918406 -1.286696
1.037763 0.913873 0.695311 -1.912825
1.044053 1.051479 0.365037 -1.394378
1.050342 1.182519 -0.021505 0.093848
1.056632 1.306177 -0.404732 1.707038
1.062921 1.421680 -0.725572 2.418288
1.069211 1.528306 -0.934569 1.681342
1.075500 1.625391 -0.999506 -0.164911
1.081790 1.712328 -0.910375 -2.043461
1.088079 1.788574 -0.680914 -2.781192
1.094369 1.853653 -0.346494 -1.855041
1.100658 1.907159 0.041337 0.240140
1.106948 1.948758 0.422796 2.259621
1.113237 1.978190 0.739083 2.965425
1.119527 1.995271 0.941444 1.901559
1.125816 1.999895 0.998686 -0.307069
1.132105 1.992033 0.901986 -2.330472
1.138395 1.971733 0.666249 -2.952961
1.144684 1.939124 0.327814 -1.820490
1.150974 1.894407 -0.061153 0.353339
1.157263 1.837863 -0.440693 2.245268
1.163553 1.769845 -0.752302 2.745638
1.169842 1.690776 -0.947948 1.624423
1.176132 1.601151 -0.997473 -0.368700
1.182421 1.501530 -0.893242 -2.009132
1.188711 1.392534 -0.651322 -2.364896
1.195000 1.274844 -0.309005 -1.337072
1.201290 1.149194 0.080944 0.346789
1.207579 1.016370 0.458416 1.642986
1.213869 0.877200 0.765226 1.849505
1.220158 0.732553 0.954079 0.990322
1.226448 0.583333 0.995867 -0.286435
1.232737 0.430470 0.884146 -1.181805
1.239027 0.274920 0.636139 -1.251534
1.245316 0.117654 0.290074 -0.620526
1.251605 -0.040347 -0.100704 0.192300
1.257895 -0.198096 -0.475959 0.671339
1.264184 -0.354609 -0.777848 0.630987
1.270474 -0.508907 -0.959835 0.264499
1.276763 -0.660028 -0.993868 -0.074720
1.283053 -0.807028 -0.874702 -0.163614
1.289342 -0.948990 -0.620705 -0.049649
1.295632 -1.085027 -0.271029 0.044364
1.301921 -1.214289 0.120424 -0.051236
1.308211 -1.335970 0.493315 -0.288337
1.314500 -1.449310 0.790164 -0.435191
1.320790 -1.553602 0.965213 -0.279425
1.327079 -1.648193 0.991479 0.167438
1.333369 -1.732494 0.864914 0.635978
1.339658 -1.805979 0.605026 0.776521
1.345948 -1.868188 0.251877 0.423253
1.352237 -1.918733 -0.140097 -0.254885
1.358527 -1.957299 -0.510477 -0.840422
1.364816 -1.983645 -0.802169 -0.942278
1.371106 -1.997605 -0.970210 -0.468968
1.377395 -1.999094 -0.988699 0.296170
1.383684 -1.988102 -0.854785 0.876680
1.389974 -1.964697 -0.589110 0.918453
1.396263 -1.929026 -0.232627 0.420375
1.402553 -1.881311 0.159715 -0.277903
1.408842 -1.821850 0.527437 -0.736554
1.415132 -1.751015 0.813858 -0.710315
1.421421 -1.669247 0.974826 -0.290927
1.427711 -1.577058 0.985530 0.192793
1.434000 -1.475022 0.844320 0.429819
1.440290 -1.363777 0.572962 0.341652
1.446579 -1.244018 0.213284 0.101695
1.452869 -1.116491 -0.179270 -0.041090
1.459158 -0.981994 -0.544190 0.016441
1.465448 -0.841366 -0.825226 0.147875
1.471737 -0.695485 -0.979058 0.121391
1.478027 -0.545261 -0.981973 -0.168811
1.484316 -0.391634 -0.833522 -0.560317
1.490606 -0.235561 -0.556588 -0.706964
1.496895 -0.078017 -0.193858 -0.350686
1.503184 0.080013 0.198754 0.420748
1.509474 0.237544 0.560729 1.149142
1.515763 0.393592 0.836270 1.278040
1.522053 0.547183 0.982905 0.559982
1.528342 0.697357 0.978029 -0.692137
1.534632 0.843177 0.822396 -1.724749
1.540921 0.983733 0.539994 -1.803199
1.547211 1.118148 0.174355 -0.727307
1.553500 1.245581 -0.218160 0.956190
1.559790 1.365237 -0.577046 2.229380
1.566079 1.476370 -0.846984 2.230080
1.572369 1.578285 -0.986364 0.837085
1.578658 1.670346 -0.973701 -1.184774
1.584948 1.751979 -0.810946 -2.611636
1.591237 1.822673 -0.523189 -2.517092
1.597527 1.881988 -0.154784 -0.881419
1.603816 1.929552 0.237480 1.351613
1.610106 1.965070 0.593137 2.831853
1.616395 1.988319 0.857365 2.637448
1.622684 1.999153 0.989435 0.860418
1.628974 1.997507 0.968989 -1.435458
1.635263 1.983389 0.799177 -2.866331
1.641553 1.956888 0.506177 -2.581611
1.647842 1.918169 0.135152 -0.781554
1.654132 1.867474 -0.256706 1.422863
1.660421 1.805120 -0.608994 2.709964
1.666711 1.731496 -0.867409 2.357932
1.673000 1.647061 -0.992117 0.658204
1.679290 1.552343 -0.963895 -1.310210
1.685579 1.447933 -0.787094 -2.376971
1.691869 1.334483 -0.488966 -1.991437
1.698158 1.212702 -0.115466 -0.507567
1.704448 1.083348 0.275832 1.104721
1.710737 0.947232 0.624612 1.899647
1.717027 0.805201 0.877111 1.520938
1.723316 0.658143 0.994408 0.348262
1.729606 0.506976 0.958422 -0.824285
1.735895 0.352643 0.774700 -1.325225
1.742185 0.196109 0.471562 -0.994778
1.748474 0.038351 0.095735 -0.197901
1.754763 -0.119647 -0.294849 0.496062
1.761053 -0.276898 -0.639983 0.711179
1.767342 -0.432420 -0.886468 0.465698
1.773632 -0.585243 -0.996308 0.070955
1.779921 -0.734411 -0.952572 -0.153978
1.786211 -0.878994 -0.762002 -0.119421
1.792500 -1.018090 -0.453973 0.014634
1.798790 -1.150828 -0.075967 0.022850
1.805079 -1.276382 0.313749 -0.164672
1.811369 -1.393967 0.655103 -0.389993
1.817658 -1.502849 0.895475 -0.400857
1.823948 -1.602347 0.997815 -0.079421
1.830237 -1.691842 0.946346 0.423152
1.836527 -1.770774 0.749003 0.765015
1.842816 -1.838650 0.436205 0.658371
1.849106 -1.895047 0.056168 0.100388
1.855395 -1.939612 -0.332527 -0.589332
1.861685 -1.972067 -0.669964 -0.966967
1.867974 -1.992210 -0.904130 -0.766573
1.874263 -1.999914 -0.998929 -0.092414
1.880553 -1.995133 -0.939748 0.639410
1.886842 -1.977895 -0.735710 0.974558
1.893132 -1.948308 -0.418266 0.720564
1.899421 -1.906557 -0.036348 0.065859
1.905711 -1.852902 0.351173 -0.560880
1.912000 -1.787679 0.684562 -0.786127
1.918290 -1.711295 0.912430 -0.531191
1.924579 -1.624227 0.999651 -0.032987
1.930869 -1.527017 0.932781 0.354383
1.937158 -1.420274 0.722127 0.419887
1.943448 -1.304664 0.400161 0.223456
1.949737 -1.180908 0.016513 0.005974
1.956027 -1.049779 -0.369681 -0.034198
1.962316 -0.912096 -0.698891 0.087880
1.968606 -0.768718 -0.920370 0.166481
1.974895 -0.620541 -0.999978 0.005003
1.981185 -0.468490 -0.925445 -0.372731
1.987474 -0.313514 -0.708260 -0.686483
1.993764 -0.156580 -0.381900 -0.595375
2.000053 0.001331 0.003329 0.006666
2.006342 0.159234 0.388044 0.829170
2.012632 0.316143 0.712944 1.315962
2.018921 0.471078 0.927947 1.017565
2.025211 0.623072 0.999912 -0.043005
2.031500 0.771176 0.917746 -1.291185
2.037790 0.914465 0.694114 -1.913196
2.044079 1.052045 0.363487 -1.389745
2.050369 1.183056 -0.023169 0.101130
2.056658 1.306681 -0.406253 1.712564
2.062948 1.422148 -0.726716 2.418315
2.069237 1.528736 -0.935159 1.675332
2.075527 1.625779 -0.999453 -0.173657
2.081816 1.712672 -0.909685 -2.049646
2.088106 1.788872 -0.679694 -2.780799
2.094395 1.853903 -0.344932 -1.847975
2.100685 1.907359 0.043000 0.249800
2.106974 1.948907 0.424303 2.266030
2.113264 1.978288 0.740203 2.964589
2.119553 1.995317 0.942004 1.893874
2.125842 1.999888 0.998599 -0.316999
2.132132 1.991973 0.901266 -2.336659
2.138421 1.971622 0.665007 -2.951723
2.144711 1.938961 0.326241 -1.812699
2.151000 1.894194 -0.062814 0.362872
2.157290 1.837600 -0.442186 2.250824
2.163579 1.769534 -0.753398 2.744099
2.169869 1.690420 -0.948477 1.617060
2.176158 1.600752 -0.997353 -0.377211
2.182448 1.501090 -0.892492 -2.013727
2.188737 1.392056 -0.650058 -2.363204
2.195027 1.274331 -0.307421 -1.330639
2.201316 1.148650 0.082603 0.353757
2.207606 1.015797 0.459895 1.646399
2.213895 0.876602 0.766296 1.847836
2.220185 0.731934 0.954577 0.985232
2.226474 0.582696 0.995714 -0.291500
2.232764 0.429820 0.883367 -1.183942
2.239053 0.274261 0.634854 -1.250072
2.245342 0.116989 0.288481 -0.617061
2.251632 -0.041013 -0.102360 0.195292
2.257921 -0.198759 -0.477422 0.672239
2.264211 -0.355264 -0.778893 0.629892
2.270500 -0.509551 -0.960301 0.262775
2.276790 -0.660657 -0.993683 -0.075684
2.283079 -0.807638 -0.873894 -0.163437
2.289369 -0.949576 -0.619399 -0.049040
2.295658 -1.085586 -0.269427 0.044413
2.301948 -1.214818 0.122076 -0.052056
2.308237 -1.336465 0.494762 -0.289335
2.314527 -1.449769 0.791183 -0.435261
2.320816 -1.554021 0.965646 -0.278043
2.327106 -1.648570 0.991261 0.169620
2.333395 -1.732827 0.864077 0.637473
2.339685 -1.806265 0.603701 0.776073
2.345974 -1.868426 0.250266 0.420843
2.352264 -1.918921 -0.141745 -0.257874
2.358553 -1.957436 -0.511907 -0.842063
2.364843 -1.983729 -0.803161 -0.941415
2.371132 -1.997638 -0.970612 -0.466050
2.377421 -1.999074 -0.988448 0.299338
2.383711 -1.988029 -0.853920 0.878128
2.390000 -1.964573 -0.587764 0.917348
2.396290 -1.928850 -0.231008 0.417536
2.402579 -1.881085 0.161358 -0.280613
2.408869 -1.821575 0.528850 -0.737517
2.415158 -1.750693 0.814824 -0.709196
2.421448 -1.668880 0.975196 -0.288760
2.427737 -1.576648 0.985247 0.194464
2.434027 -1.474572 0.843427 0.430082
2.440316 -1.363290 0.571597 0.340777
2.446606 -1.243496 0.211658 0.100741
2.452895 -1.115939 -0.180907 -0.041256
2.459185 -0.981414 -0.545585 0.016996
2.465474 -0.840762 -0.826165 0.148246
2.471764 -0.694861 -0.979396 0.120707
2.478053 -0.544621 -0.981657 -0.170456
2.484343 -0.390981 -0.832601 -0.561705
2.490632 -0.234900 -0.555204 -0.706602
2.496921 -0.077352 -0.192225 -0.348097
2.503211 0.080678 0.200385 0.424318
2.509500 0.238205 0.562106 1.151279
2.515790 0.394245 0.837181 1.276782
2.522079 0.547823 0.983210 0.555408
2.528369 0.697981 0.977681 -0.697549
2.534658 0.843781 0.821448 -1.727469
2.540948 0.984313 0.538593 -1.800963
2.547237 1.118700 0.172716 -0.720869
2.553527 1.246102 -0.219784 0.963171
2.559816 1.365724 -0.578405 2.232456
2.566106 1.476819 -0.847868 2.226887
2.572395 1.578694 -0.986637 0.829095
2.578685 1.670712 -0.973320 -1.192897
2.584974 1.752300 -0.809971 -2.614814
2.591264 1.822947 -0.521770 -2.513070
2.597553 1.882213 -0.153140 -0.872349
2.603843 1.929727 0.239096 1.360338
2.610132 1.965194 0.594476 2.834880
2.616422 1.988390 0.858221 2.632820
2.622711 1.999173 0.989675 0.850855
2.629000 1.997473 0.968576 -1.444193
2.635290 1.983303 0.798176 -2.868987
2.641579 1.956750 0.504741 -2.576678
2.647869 1.917980 0.133503 -0.772142
2.654158 1.867236 -0.258314 1.431023
2.660448 1.804833 -0.610314 2.712083
2.666737 1.731163 -0.868236 2.353042
2.673027 1.646683 -0.992324 0.649574
2.679316 1.551923 -0.963451 -1.317276
2.685606 1.447474 -0.786066 -2.378459
2.691895 1.333987 -0.487513 -1.986949
2.698185 1.212172 -0.113813 -0.500276
2.704474 1.082789 0.277431 1.110296
2.710764 0.946645 0.625911 1.900488
2.717053 0.804591 0.877909 1.517181
2.723343 0.657514 0.994582 0.342734
2.729632 0.506332 0.957946 -0.828125
2.735922 0.351988 0.773647 -1.325478
2.742211 0.195447 0.470094 -0.992012
2.748500 0.037685 0.094079 -0.194382
2.754790 -0.120312 -0.296438 0.498104
2.761079 -0.277558 -0.641261 0.710962
2.767369 -0.433070 -0.887237 0.464083
2.773658 -0.585879 -0.996449 0.069488
2.779948 -0.735030 -0.952064 -0.154337
2.786237 -0.879592 -0.760923 -0.118895
2.792527 -1.018662 -0.452490 0.015061
2.798816 -1.151373 -0.074307 0.022434
2.805106 -1.276895 0.315329 -0.165717
2.811395 -1.394444 0.656359 -0.390649
2.817685 -1.503288 0.896215 -0.400193
2.823974 -1.602746 0.997924 -0.077485
2.830264 -1.692197 0.945807 0.425190
2.836553 -1.771083 0.747900 0.765631
2.842843 -1.838912 0.434707 0.656843
2.849132 -1.895259 0.054507 0.097450
2.855422 -1.939774 -0.334096 -0.591866
2.861711 -1.972178 -0.671199 -0.967403
2.868000 -1.992268 -0.904840 -0.764517
2.874290 -1.999920 -0.999005 -0.089100
2.880579 -1.995086 -0.939178 0.641914
2.886869 -1.977796 -0.734582 0.974723
2.893158 -1.948157 -0.416753 0.718394
2.899448 -1.906355 -0.034685 0.062835
2.905737 -1.852651 0.352731 -0.562850
2.912027 -1.787381 0.685774 -0.785989
2.918316 -1.710950 0.913109 -0.529357
2.924606 -1.623838 0.999693 -0.030893
2.930895 -1.526587 0.932179 0.355389
2.937185 -1.419806 0.720975 0.419476
2.943474 -1.304159 0.398636 0.222397
2.949764 -1.180371 0.014849 0.005356
2.956053 -1.049212 -0.371227 -0.033927
2.962343 -0.911504 -0.700080 0.088479
2.968632 -0.768104 -0.921019 0.166387
2.974922 -0.619908 -0.999988 0.003746
2.981211 -0.467843 -0.924814 -0.374445
2.987501 -0.312856 -0.707084 -0.687144
2.993790 -0.155916 -0.380361 -0.593851
3.000079 0.001997 0.004993 0.010006
3.006369 0.159898 0.389577 0.832338
3.012658 0.316801 0.714110 1.316540
3.018948 0.471725 0.928566 1.014469
3.025237 0.623705 0.999889 -0.048425
3.031527 0.771790 0.917084 -1.295663
3.037816 0.915057 0.692915 -1.913544
3.044106 1.052611 0.361936 -1.385094
3.050395 1.183593 -0.024833 0.108415
3.056685 1.307185 -0.407774 1.718074
3.062974 1.422616 -0.727858 2.418316
3.069264 1.529165 -0.935748 1.669301
3.075553 1.626166 -0.999396 -0.182404
3.081843 1.713015 -0.908993 -2.055810
3.088132 1.789169 -0.678473 -2.780374
3.094422 1.854152 -0.343369 -1.840887
3.100711 1.907559 0.044662 0.259458
3.107001 1.949057 0.425810 2.272414
3.113290 1.978385 0.741321 2.963720
3.119579 1.995362 0.942561 1.886168
3.125869 1.999881 0.998510 -0.326926
3.132158 1.991913 0.900544 -2.342819
3.138448 1.971510 0.663763 -2.950453
3.144737 1.938797 0.324667 -1.804889
3.151027 1.893980 -0.064475 0.372400
3.157316 1.837338 -0.443678 2.256354
3.163606 1.769224 -0.754491 2.742530
3.169895 1.690065 -0.949003 1.609681
3.176185 1.600353 -0.997231 -0.385715
3.182474 1.500650 -0.891740 -2.018299
3.188764 1.391578 -0.648793 -2.361486
3.195053 1.273818 -0.305837 -1.324193
3.201343 1.148104 0.084262 0.360718
3.207632 1.015223 0.461372 1.649792
3.213922 0.876003 0.767364 1.846148
3.220211 0.731314 0.955071 0.980134
3.226501 0.582059 0.995559 -0.296557
3.232790 0.429170 0.882586 -1.186065
3.239080 0.273601 0.633567 -1.248596
3.245369 0.116325 0.286887 -0.613593
3.251658 -0.041678 -0.104015 0.198279
3.257948 -0.199421 -0.478884 0.673130
3.264237 -0.355919 -0.779935 0.628791
3.270527 -0.510195 -0.960763 0.261052
3.276816 -0.661285 -0.993495 -0.076642
3.283106 -0.808246 -0.873084 -0.163255
3.289395 -0.950162 -0.618092 -0.048431
3.295685 -1.086145 -0.267824 0.044458
3.301974 -1.215347 0.123728 -0.052879
3.308264 -1.336961 0.496208 -0.290332
3.314553 -1.450227 0.792199 -0.435324
3.320843 -1.554440 0.966078 -0.276656
3.327132 -1.648947 0.991040 0.171802
3.333422 -1.733159 0.863238 0.638963
3.339711 -1.806551 0.602373 0.775616
3.346001 -1.868663 0.248655 0.418426
3.352290 -1.919109 -0.143392 -0.260862
3.358580 -1.957572 -0.513336 -0.843695
3.364869 -1.983814 -0.804152 -0.940540
3.371158 -1.997670 -0.971011 -0.463126
3.377448 -1.999054 -0.988195 0.302503
3.383737 -1.987957 -0.853053 0.879566
3.390027 -1.964448 -0.586417 0.916232
3.396316 -1.928674 -0.229388 0.414693
3.402606 -1.880859 0.163000 -0.283319
3.408895 -1.821301 0.530262 -0.738471
3.415185 -1.750371 0.815787 -0.708069
3.421474 -1.668513 0.975563 -0.286593
3.427764 -1.576239 0.984960 0.196130
3.434053 -1.474123 0.842531 0.430339
3.440343 -1.362803 0.570230 0.339900
3.446632 -1.242975 0.210031 0.099788
3.452922 -1.115386 -0.182543 -0.041418
3.459211 -0.980834 -0.546980 0.017552
3.465501 -0.840158 -0.827102 0.148613
3.471790 -0.694236 -0.979730 0.120019
3.478080 -0.543980 -0.981338 -0.172102
3.484369 -0.390328 -0.831678 -0.563088
3.490659 -0.234239 -0.553819 -0.706231
3.496948 -0.076687 -0.190591 -0.345500
3.503237 0.081343 0.202015 0.427887
3.509527 0.238866 0.563482 1.153405
3.515816 0.394897 0.838090 1.275507
3.522106 0.548463 0.983512 0.550823
3.528395 0.698605 0.977330 -0.702956
3.534685 0.844384 0.820498 -1.730170
3.540974 0.984892 0.537190 -1.798705
3.547264 1.119251 0.171077 -0.714420
3.553553 1.246622 -0.221407 0.970145
3.559843 1.366210 -0.579762 2.235509
3.566132 1.477268 -0.848749 2.223669
3.572422 1.579103 -0.986906 0.821092
3.578711 1.671078 -0.972937 -1.201009
3.585001 1.752621 -0.808994 -2.617964
3.591290 1.823221 -0.520349 -2.509019
3.597580 1.882438 -0.151495 -0.863268
3.603869 1.929902 0.240712 1.369049
3.610159 1.965317 0.595814 2.837877
3.616448 1.988462 0.859074 2.628162
3.622737 1.999192 0.989912 0.841283
3.629027 1.997440 0.968161 -1.452912
3.635316 1.983217 0.797172 -2.871611
3.641606 1.956612 0.503303 -2.571717
3.647895 1.917791 0.131853 -0.762722
3.654185 1.866997 -0.259922 1.439165
3.660474 1.804546 -0.611631 2.714171
3.666764 1.730829 -0.869060 2.348127
3.673053 1.646305 -0.992529 0.640939
3.679343 1.551503 -0.963003 -1.324326
3.685632 1.447014 -0.785036 -2.379920
3.691922 1.333491 -0.486060 -1.982441
3.698211 1.211643 -0.112159 -0.492983
3.704501 1.082229 0.279030 1.115855
3.710790 0.946059 0.627208 1.901307
3.717080 0.803982 0.878705 1.513409
3.723369 0.656885 0.994754 0.337206
3.729659 0.505687 0.957467 -0.831953
3.735948 0.351332 0.772591 -1.325714
3.742237 0.194784 0.468625 -0.989237
3.748527 0.037019 0.092422 -0.190866
3.754816 -0.120976 -0.298028 0.500137
3.761106 -0.278217 -0.642537 0.710736
3.767395 -0.433720 -0.888003 0.462466
3.773685 -0.586516 -0.996588 0.068024
3.779974 -0.735649 -0.951554 -0.154691
3.786264 -0.880190 -0.759842 -0.118367
3.792553 -1.019235 -0.451005 0.015486
3.798843 -1.151917 -0.072648 0.022014
3.805132 -1.277407 0.316908 -0.166762
3.811422 -1.394921 0.657614 -0.391301
3.817711 -1.503727 0.896952 -0.399524
3.824001 -1.603144 0.998029 -0.075544
3.830290 -1.692552 0.945266 0.427224
3.836580 -1.771392 0.746794 0.766239
3.842869 -1.839173 0.433208 0.655306
3.849159 -1.895472 0.052845 0.094510
3.855448 -1.939936 -0.335664 -0.594395
3.861738 -1.972288 -0.672432 -0.967828
3.868027 -1.992327 -0.905548 -0.762452
3.874316 -1.999926 -0.999078 -0.085785
3.880606 -1.995039 -0.938605 0.644411
3.886895 -1.977697 -0.733452 0.974876
3.893185 -1.948006 -0.415240 0.716216
3.899474 -1.906154 -0.033021 0.059812
3.905764 -1.852400 0.354288 -0.564813
3.912053 -1.787082 0.686985 -0.785842
3.918343 -1.710606 0.913787 -0.527518
3.924632 -1.623449 0.999733 -0.028801
3.930922 -1.526157 0.931576 0.356389
3.937211 -1.419337 0.719821 0.419060
3.943501 -1.303655 0.397109 0.221337
3.949790 -1.179833 0.013185 0.004742
3.956080 -1.048646 -0.372772 -0.033653
3.962369 -0.910911 -0.701267 0.089077
3.968659 -0.767489 -0.921666 0.166288
3.974948 -0.619276 -0.999995 0.002485
3.981238 -0.467196 -0.924179 -0.376159
3.987527 -0.312199 -0.705906 -0.687797
3.993816 -0.155253 -0.378821 -0.592316
4.000106 0.002663 0.006657 0.013349
4.006395 0.160562 0.391109 0.835500
4.012685 0.317458 0.715274 1.317102
4.018974 0.472372 0.929183 1.011359
4.025264 0.624337 0.999863 -0.053848
4.031553 0.772404 0.916419 -1.300129
4.037843 0.915649 0.691714 -1.913872
4.044132 1.053177 0.360384 -1.380425
4.050422 1.184129 -0.026496 0.115702
4.056711 1.307689 -0.409293 1.723566
4.063001 1.423084 -0.728999 2.418289
4.069290 1.529594 -0.936333 1.663250
4.075580 1.626554 -0.999337 -0.191151
4.081869 1.713359 -0.908298 -2.061953
4.088159 1.789467 -0.677249 -2.779919
4.094448 1.854402 -0.341806 -1.833777
4.100738 1.907759 0.046325 0.269114
4.107027 1.949206 0.427315 2.278773
4.113317 1.978483 0.742437 2.962818
4.119606 1.995407 0.943115 1.878441
4.125895 1.999873 0.998418 -0.336850
4.132185 1.991854 0.899819 -2.348953
4.138474 1.971398 0.662518 -2.949150
4.144764 1.938634 0.323093 -1.797059
4.151053 1.893766 -0.066135 0.381923
4.157343 1.837075 -0.445169 2.261858
4.163632 1.768914 -0.755582 2.740931
4.169922 1.689709 -0.949526 1.602286
4.176211 1.599954 -0.997105 -0.394212
4.182501 1.500210 -0.890986 -2.022846
4.188790 1.391100 -0.647526 -2.359742
4.195080 1.273305 -0.304252 -1.317735
4.201369 1.147559 0.085920 0.367671
4.207659 1.014649 0.462848 1.653164
4.213948 0.875405 0.768430 1.844439
4.220238 0.730694 0.955563 0.975029
4.226527 0.581422 0.995401 -0.301606
4.232817 0.428520 0.881802 -1.188171
4.239106 0.272942 0.632278 -1.247107
4.245395 0.115660 0.285292 -0.610122
4.251685 -0.042344 -0.105670 0.201259
4.257974 -0.200084 -0.480344 0.674010
4.264264 -0.356574 -0.780976 0.627684
4.270553 -0.510838 -0.961224 0.259330
4.276843 -0.661913 -0.993304 -0.077596
4.283132 -0.808855 -0.872271 -0.163069
4.289422 -0.950748 -0.616782 -0.047823
4.295711 -1.086704 -0.266220 0.044499
4.302001 -1.215875 0.125379 -0.053705
4.308290 -1.337456 0.497652 -0.291327
4.314580 -1.450686 0.793214 -0.435382
4.320869 -1.554859 0.966506 -0.275263
4.327159 -1.649324 0.990816 0.173985
4.333448 -1.733491 0.862397 0.640446
4.339738 -1.806836 0.601044 0.775150
4.346027 -1.868900 0.247042 0.416004
4.352317 -1.919296 -0.145039 -0.263848
4.358606 -1.957709 -0.514764 -0.845318
4.364895 -1.983898 -0.805140 -0.939655
4.371185 -1.997702 -0.971408 -0.460197
4.377474 -1.999033 -0.987938 0.305665
4.383764 -1.987884 -0.852183 0.880993
4.390053 -1.964323 -0.585068 0.915106
4.396343 -1.928498 -0.227768 0.411847
4.402632 -1.880632 0.164642 -0.286020
4.408922 -1.821025 0.531672 -0.739415
4.415211 -1.750049 0.816749 -0.706934
4.421501 -1.668146 0.975927 -0.284425
4.427790 -1.575829 0.984672 0.197792
4.434080 -1.473673 0.841634 0.430590
4.440369 -1.362316 0.568862 0.339019
4.446659 -1.242453 0.208404 0.098837
4.452948 -1.114834 -0.184179 -0.041576
4.459238 -0.980254 -0.548372 0.018110
4.465527 -0.839554 -0.828036 0.148977
4.471817 -0.693612 -0.980062 0.119325
4.478106 -0.543340 -0.981017 -0.173750
4.484396 -0.389675 -0.830753 -0.564467
4.490685 -0.233578 -0.552433 -0.705851
4.496974 -0.076022 -0.188957 -0.342895
4.503264 0.082009 0.203645 0.431455
4.509553 0.239527 0.564856 1.155520
4.515843 0.395550 0.838997 1.274216
4.522132 0.549103 0.983812 0.546229
4.528422 0.699228 0.976976 -0.708359
4.534711 0.844988 0.819545 -1.732854
4.541001 0.985472 0.535785 -1.796425
4.547290 1.119803 0.169437 -0.707959
4.553580 1.247143 -0.223030 0.977111
4.559869 1.366696 -0.581117 2.238538
4.566159 1.477717 -0.849628 2.220424
4.572448 1.579511 -0.987174 0.813078
4.578738 1.671444 -0.972551 -1.209109
4.585027 1.752941 -0.808015 -2.621085
4.591317 1.823495 -0.518927 -2.504939
4.597606 1.882663 -0.149849 -0.854176
4.603896 1.930077 0.242327 1.377746
4.610185 1.965440 0.597149 2.840842
4.616474 1.988533 0.859925 2.623475
4.622764 1.999210 0.990147 0.831701
4.629053 1.997406 0.967743 -1.461614
4.635343 1.983131 0.796166 -2.874203
4.641632 1.956474 0.501865 -2.566727
4.647922 1.917602 0.130203 -0.753294
4.654211 1.866758 -0.261529 1.447290
4.660501 1.804259 -0.612947 2.716229
4.666790 1.730495 -0.869883 2.343187
4.673080 1.645927 -0.992730 0.632298
4.679369 1.551083 -0.962554 -1.331359
4.685659 1.446555 -0.784004 -2.381354
4.691948 1.332995 -0.484605 -1.977912
4.698238 1.211113 -0.110505 -0.485687
4.704527 1.081669 0.280627 1.121399
4.710817 0.945472 0.628503 1.902104
4.717106 0.803372 0.879498 1.509622
4.723396 0.656256 0.994923 0.331678
4.729685 0.505043 0.956985 -0.835768
4.735975 0.350677 0.771534 -1.325935
4.742264 0.194121 0.467154 -0.986454
4.748553 0.036354 0.090764 -0.187351
4.754843 -0.121641 -0.299616 0.502160
4.761132 -0.278876 -0.643812 0.710501
4.767422 -0.434370 -0.888767 0.460846
4.773711 -0.587152 -0.996724 0.066563
4.780001 -0.736268 -0.951041 -0.155040
4.786290 -0.880788 -0.758759 -0.117837
4.792580 -1.019808 -0.449519 0.015908
4.798869 -1.152461 -0.070988 0.021591
4.805159 -1.277919 0.318486 -0.167809
4.811448 -1.395398 0.658867 -0.391950
4.817738 -1.504166 0.897687 -0.398847
4.824027 -1.603542 0.998132 -0.073601
4.830317 -1.692906 0.944721 0.429256
4.836606 -1.771701 0.745686 0.766838
4.842896 -1.839435 0.431707 0.653762
4.849185 -1.895684 0.051183 0.091567
4.855475 -1.940098 -0.337231 -0.596919
4.861764 -1.972399 -0.673663 -0.968242
4.868053 -1.992385 -0.906252 -0.760378
4.874343 -1.999932 -0.999148 -0.082469
4.880632 -1.994992 -0.938030 0.646901
4.886922 -1.977597 -0.732319 0.975019
4.893211 -1.947855 -0.413725 0.714031
4.899501 -1.905952 -0.031358 0.056789
4.905790 -1.852149 0.355843 -0.566768
4.912080 -1.786783 0.688193 -0.785686
4.918369 -1.710260 0.914461 -0.525675
4.924659 -1.623060 0.999770 -0.026711
4.930948 -1.525727 0.930969 0.357383
4.937238 -1.418867 0.718664 0.418640
4.943527 -1.303150 0.395581 0.220277
4.949817 -1.179296 0.011520 0.004131
4.956106 -1.048079 -0.374316 -0.033377
4.962396 -0.910318 -0.702453 0.089674
4.968685 -0.766874 -0.922311 0.166184
4.974975 -0.618642 -0.999999 0.001220
4.981264 -0.466548 -0.923542 -0.377871
4.987553 -0.311541 -0.704726 -0.688443
4.993843 -0.154589 -0.377280 -0.590772
5.000132 0.003329 0.008321 0.016698
5.006422 0.161225 0.392640 0.838656
5.012711 0.318115 0.716436 1.317650
5.019001 0.473019 0.929796 1.008234
5.025290 0.624970 0.999834 -0.059274
5.031580 0.773018 0.915751 -1.304583
5.037869 0.916241 0.690511 -1.914178
5.044159 1.053743 0.358831 -1.375737
5.050448 1.184666 -0.028160 0.122991
5.056738 1.308192 -0.410811 1.729042
5.063027 1.423551 -0.730137 2.418235
5.069317 1.530023 -0.936916 1.657177
5.075606 1.626941 -0.999275 -0.199899
5.081896 1.713702 -0.907600 -2.068073
5.088185 1.789764 -0.676024 -2.779432
5.094475 1.854651 -0.340241 -1.826645
5.100764 1.907959 0.047987 0.278769
5.107054 1.949355 0.428819 2.285107
5.113343 1.978580 0.743551 2.961883
5.119632 1.995452 0.943667 1.870692
5.125922 1.999866 0.998323 -0.346769
5.132211 1.991793 0.899092 -2.355061
5.138501 1.971285 0.661270 -2.947815
5.144790 1.938470 0.321517 -1.789210
5.151080 1.893552 -0.067796 0.391440
5.157369 1.836811 -0.446659 2.267336
5.163659 1.768603 -0.756671 2.739301
5.169948 1.689352 -0.950047 1.594875
5.176238 1.599554 -0.996978 -0.402702
5.182527 1.499770 -0.890229 -2.027368
5.188817 1.390622 -0.646256 -2.357972
5.195106 1.272791 -0.302667 -1.311266
5.201396 1.147014 0.087578 0.374617
5.207685 1.014076 0.464323 1.656516
5.213975 0.874806 0.769494 1.842711
5.220264 0.730075 0.956052 0.969917
5.226554 0.580785 0.995240 -0.306648
5.232843 0.427869 0.881016 -1.190262
5.239132 0.272282 0.630988 -1.245605
5.245422 0.114995 0.283697 -0.606648
5.251711 -0.043010 -0.107325 0.204232
5.258001 -0.200746 -0.481804 0.674881
5.264290 -0.357229 -0.782014 0.626571
5.270580 -0.511482 -0.961681 0.257609
5.276869 -0.662541 -0.993110 -0.078544
5.283159 -0.809464 -0.871456 -0.162880
5.289448 -0.951333 -0.615472 -0.047216
5.295738 -1.087263 -0.264615 0.044536
5.302027 -1.216404 0.127030 -0.054534
5.308317 -1.337951 0.499095 -0.292320
5.314606 -1.451144 0.794226 -0.435435
5.320896 -1.555277 0.966932 -0.273864
5.327185 -1.649700 0.990590 0.176169
5.333475 -1.733823 0.861553 0.641923
5.339764 -1.807122 0.599713 0.774674
5.346054 -1.869137 0.245429 0.413575
5.352343 -1.919483 -0.146686 -0.266832
5.358633 -1.957845 -0.516190 -0.846932
5.364922 -1.983983 -0.806126 -0.938759
5.371211 -1.997734 -0.971802 -0.457263
5.377501 -1.999012 -0.987679 0.308822
5.383790 -1.987810 -0.851311 0.882411
5.390080 -1.964197 -0.583718 0.913969
5.396369 -1.928321 -0.226147 0.408997
5.402659 -1.880406 0.166283 -0.288717
5.408948 -1.820750 0.533081 -0.740351
5.415238 -1.749727 0.817708 -0.705793
5.421527 -1.667779 0.976289 -0.282256
5.427817 -1.575419 0.984380 0.199449
5.434106 -1.473222 0.840734 0.430835
5.440396 -1.361828 0.567493 0.338137
5.446685 -1.241931 0.206776 0.097889
5.452975 -1.114281 -0.185815 -0.041731
5.459264 -0.979673 -0.549763 0.018669
5.465554 -0.838949 -0.828968 0.149339
5.471843 -0.692987 -0.980392 0.118627
5.478133 -0.542699 -0.980693 -0.175401
5.484422 -0.389022 -0.829825 -0.565841
5.490711 -0.232916 -0.551045 -0.705461
5.497001 -0.075357 -0.187323 -0.340282
5.503290 0.082674 0.205274 0.435023
5.509580 0.240188 0.566228 1.157623
5.515869 0.396203 0.839902 1.272910
5.522159 0.549743 0.984108 0.541625
5.528448 0.699852 0.976620 -0.713758
5.534738 0.845591 0.818590 -1.735520
5.541027 0.986051 0.534379 -1.794124
5.547317 1.120354 0.167796 -0.701486
5.553606 1.247663 -0.224652 0.984069
5.559896 1.367182 -0.582471 2.241543
5.566185 1.478165 -0.850505 2.217154
5.572475 1.579919 -0.987438 0.805053
5.578764 1.671810 -0.972162 -1.217198
5.585054 1.753262 -0.807033 -2.624178
5.591343 1.823768 -0.517504 -2.500831
5.597633 1.882887 -0.148204 -0.845073
5.603922 1.930251 0.243941 1.386429
5.610211 1.965564 0.598484 2.843775
5.616501 1.988604 0.860773 2.618759
5.622790 1.999229 0.990378 0.822110
5.629080 1.997372 0.967322 -1.470300
5.635369 1.983044 0.795158 -2.876762
5.641659 1.956336 0.500424 -2.561710
5.647948 1.917413 0.128553 -0.743860
5.654238 1.866519 -0.263135 1.455398
5.660527 1.803972 -0.614261 2.718255
5.666817 1.730162 -0.870702 2.338222
5.673106 1.645549 -0.992929 0.623654
5.679396 1.550663 -0.962101 -1.338374
5.685685 1.446095 -0.782970 -2.382760
5.691975 1.332499 -0.483148 -1.973363
5.698264 1.210583 -0.108851 -0.478390
5.704554 1.081109 0.282224 1.126927
5.710843 0.944885 0.629797 1.902879
5.717133 0.802762 0.880289 1.505821
5.723422 0.655627 0.995089 0.326151
5.729712 0.504399 0.956501 -0.839570
5.736001 0.350022 0.770474 -1.326140
5.742290 0.193459 0.465681 -0.983663
5.748580 0.035688 0.089107 -0.183840
5.754869 -0.122305 -0.301203 0.504175
5.761159 -0.279535 -0.645084 0.710258
5.767448 -0.435020 -0.889529 0.459224
5.773738 -0.587788 -0.996857 0.065106
5.780027 -0.736887 -0.950525 -0.155383
5.786317 -0.881385 -0.757674 -0.117306
5.792606 -1.020381 -0.448032 0.016327
5.798896 -1.153005 -0.069327 0.021164
5.805185 -1.278431 0.320063 -0.168856
5.811475 -1.395875 0.660118 -0.392594
5.817764 -1.504604 0.898419 -0.398165
5.824054 -1.603940 0.998233 -0.071654
5.830343 -1.693261 0.944174 0.431284
5.836633 -1.772010 0.744576 0.767428
5.842922 -1.839696 0.430205 0.652208
5.849212 -1.895896 0.049521 0.088622
5.855501 -1.940259 -0.338798 -0.599436
5.861790 -1.972509 -0.674892 -0.968646
5.868080 -1.992443 -0.906955 -0.758295
5.874369 -1.999937 -0.999215 -0.079152
5.880659 -1.994945 -0.937452 0.649383
5.886948 -1.977498 -0.731185 0.975150
5.893238 -1.947704 -0.412210 0.711839
5.899527 -1.905750 -0.029694 0.053767
5.905817 -1.851898 0.357398 -0.568715
5.912106 -1.786484 0.689400 -0.785521
5.918396 -1.709915 0.915134 -0.523827
5.924685 -1.622671 0.999804 -0.024623
5.930975 -1.525296 0.930360 0.358371
5.937264 -1.418398 0.717506 0.418215
5.943554 -1.302644 0.394052 0.219216
5.949843 -1.178758 0.009856 0.003524
5.956133 -1.047512 -0.375858 -0.033097
5.962422 -0.909725 -0.703636 0.090270
5.968712 -0.766259 -0.922952 0.166076
5.975001 -0.618009 -1.000000 -0.000049
5.981291 -0.465901 -0.922903 -0.379583
5.987580 -0.310883 -0.703545 -0.689082
5.993869 -0.153925 -0.375739 -0.589218
6.000159 0.003994 0.009986 0.020050
6.006448 0.161889 0.394171 0.841806
6.012738 0.318772 0.717596 1.318183
6.019027 0.473666 0.930408 1.005095
6.025317 0.625602 0.999802 -0.064704
6.031606 0.773632 0.915082 -1.309025
6.037896 0.916833 0.689306 -1.914462
6.044185 1.054309 0.357278 -1.371032
6.050475 1.185202 -0.029824 0.130283
6.056764 1.308696 -0.412327 1.734500
6.063054 1.424019 -0.731273 2.418154
6.069343 1.530451 -0.937497 1.651085
6.075633 1.627328 -0.999210 -0.208648
6.081922 1.714045 -0.906900 -2.074173
6.088212 1.790061 -0.674796 -2.778914
6.094501 1.854900 -0.338676 -1.819492
6.100791 1.908159 0.049650 0.288422
6.107080 1.949504 0.430322 2.291417
6.113369 1.978677 0.744662 2.960915
6.119659 1.995497 0.944217 1.862922
6.125948 1.999858 0.998225 -0.356685
6.132238 1.991733 0.898362 -2.361142
6.138527 1.971173 0.660021 -2.946446
6.144817 1.938306 0.319941 -1.781342
6.151106 1.893337 -0.069456 0.400951
6.157396 1.836548 -0.448147 2.272787
6.163685 1.768292 -0.757758 2.737642
6.169975 1.688996 -0.950565 1.587448
6.176264 1.599155 -0.996847 -0.411185
6.182554 1.499329 -0.889470 -2.031867
6.188843 1.390143 -0.644985 -2.356177
6.195133 1.272278 -0.301080 -1.304785
6.201422 1.146469 0.089236 0.381555
6.207712 1.013502 0.465796 1.659847
6.214001 0.874207 0.770556 1.840963
6.220291 0.729455 0.956539 0.964797
6.226580 0.580148 0.995076 -0.311683
6.232870 0.427219 0.880228 -1.192338
6.239159 0.271623 0.629696 -1.244090
6.245448 0.114331 0.282100 -0.603171
6.251738 -0.043675 -0.108980 0.207199
6.258027 -0.201408 -0.483261 0.675742
6.264317 -0.357884 -0.783050 0.625452
6.270606 -0.512125 -0.962136 0.255888
6.276896 -0.663169 -0.992914 -0.079488
6.283185 -0.810073 -0.870639 -0.162687
