0.000000 2.000000 1.000000 3.000000
0.006289 1.993757 0.922928 2.106379
0.012579 1.975065 0.703590 -0.029515
0.018868 1.944043 0.375798 -2.112501
0.025158 1.900883 -0.009921 -2.900312
0.031447 1.845855 -0.394111 -1.961798
0.037737 1.779303 -0.717551 0.082709
0.044026 1.701641 -0.930384 1.975519
0.050316 1.613356 -0.999803 2.611299
0.056605 1.514998 -0.915108 1.697231
0.062895 1.407181 -0.689353 -0.119360
0.069184 1.290578 -0.357338 -1.705609
0.075474 1.165918 0.029759 -2.162082
0.081763 1.033979 0.412269 -1.342567
0.088053 0.895584 0.731229 0.131538
0.094342 0.751597 0.937474 1.327213
0.100632 0.602918 0.999213 1.597872
0.106921 0.450474 0.906927 0.935607
0.113211 0.295219 0.674844 -0.115496
0.119500 0.138120 0.338737 -0.876938
0.125789 -0.019842 -0.049585 -0.975338
0.132079 -0.177679 -0.430264 -0.517853
0.138368 -0.334408 -0.744619 0.072493
0.144658 -0.489048 -0.944195 0.400081
0.150947 -0.640635 -0.998229 0.356821
0.157237 -0.788222 -0.898390 0.130076
0.163526 -0.930888 -0.660069 -0.008889
0.169816 -1.067742 -0.320002 0.053869
0.176105 -1.197930 0.069392 0.196024
0.182395 -1.320639 0.448089 0.191880
0.188684 -1.435102 0.757716 -0.064512
0.194974 -1.540605 0.950545 -0.436307
0.201263 -1.636490 0.996852 -0.628488
0.207553 -1.722157 0.889499 -0.420598
0.213842 -1.797073 0.645035 0.133797
0.220132 -1.860768 0.301142 0.704649
0.226421 -1.912846 -0.089171 0.898329
0.232711 -1.952981 -0.465739 0.539554
0.239000 -1.980923 -0.770515 -0.183812
0.245290 -1.996497 -0.956520 -0.826955
0.251579 -1.999606 -0.995083 -0.979993
0.257868 -1.990231 -0.880258 -0.544339
0.264158 -1.968430 -0.629746 0.200309
0.270447 -1.934339 -0.282162 0.785563
0.276737 -1.888172 0.108916 0.867100
0.283026 -1.830215 0.483205 0.442527
0.289316 -1.760832 0.783010 -0.172108
0.295605 -1.680455 0.962119 -0.579302
0.301895 -1.589587 0.992922 -0.572953
0.308184 -1.488794 0.870671 -0.252283
0.314474 -1.378706 0.614210 0.092969
0.320763 -1.260010 0.263072 0.224021
0.327053 -1.133447 -0.128617 0.129032
0.333342 -0.999808 -0.500480 -0.000096
0.339632 -0.859926 -0.795197 0.037074
0.345921 -0.714676 -0.967339 0.248657
0.352211 -0.564963 -0.990370 0.418359
0.358500 -0.411724 -0.860740 0.283400
0.364790 -0.255913 -0.598432 -0.211141
0.371079 -0.098505 -0.243878 -0.794259
0.377368 0.059518 0.148268 -1.012934
0.383658 0.217169 0.517559 -0.565089
0.389947 0.373465 0.807071 0.415786
0.396237 0.527429 0.972178 1.359807
0.402526 0.678100 0.987428 1.594240
0.408816 0.824537 0.850471 0.814840
0.415105 0.965826 0.582418 -0.632167
0.421395 1.101086 0.224589 -1.889128
0.427684 1.229470 -0.167860 -2.103831
0.433974 1.350179 -0.534434 -1.007664
0.440263 1.462458 -0.818628 0.837980
0.446553 1.565606 -0.976634 2.328614
0.452842 1.658980 -0.984097 2.491182
0.459132 1.741996 -0.839867 1.126279
0.465421 1.814135 -0.566175 -1.009970
0.471711 1.874949 -0.205210 -2.632813
0.478000 1.924056 0.187386 -2.718707
0.484290 1.961150 0.551098 -1.162491
0.490579 1.986001 0.829862 1.126738
0.496869 1.998452 0.980706 2.769271
0.503158 1.998425 0.980379 2.765404
0.509447 1.985922 0.828932 1.117498
0.515737 1.961020 0.549709 -1.171498
0.522026 1.923874 0.185751 -2.722106
0.528316 1.874717 -0.206839 -2.628743
0.534605 1.813855 -0.567546 -1.001122
0.540895 1.741668 -0.840769 1.134459
0.547184 1.658608 -0.984391 2.493913
0.553474 1.565192 -0.976275 2.324641
0.559763 1.462004 -0.817671 0.830115
0.566053 1.349688 -0.533027 -1.014514
0.572342 1.228945 -0.166219 -2.105779
0.578632 1.100530 0.226210 -1.885558
0.584921 0.965243 0.583770 -0.625782
0.591211 0.823930 0.851345 0.819996
0.597500 0.677473 0.987689 1.595379
0.603790 0.526787 0.971786 1.356913
0.610079 0.372811 0.806087 0.411231
0.616369 0.216507 0.516134 -0.568365
0.622658 0.058852 0.146622 -1.013326
0.628947 -0.099170 -0.245492 -0.792250
0.635237 -0.256574 -0.599764 -0.208580
0.641526 -0.412375 -0.861586 0.284799
0.647816 -0.565602 -0.990599 0.418139
0.654105 -0.715298 -0.966915 0.247649
0.660395 -0.860527 -0.794187 0.036467
0.666684 -1.000384 -0.499039 0.000193
0.672974 -1.133996 -0.126966 0.129675
0.679263 -1.260527 0.264677 0.224025
0.685553 -1.379188 0.615523 0.091864
0.691842 -1.489238 0.871488 -0.253906
0.698132 -1.589991 0.993118 -0.573805
0.704421 -1.680816 0.961664 -0.578418
0.710711 -1.761148 0.781974 -0.169710
0.717000 -1.830484 0.481747 0.445006
0.723290 -1.888391 0.107261 0.867949
0.729579 -1.934508 -0.283759 0.784017
0.735869 -1.968548 -0.631038 0.197178
0.742158 -1.990297 -0.881047 -0.547126
0.748447 -1.999619 -0.995246 -0.980656
0.754737 -1.996458 -0.956033 -0.825067
0.761026 -1.980831 -0.769453 -0.180586
0.767316 -1.952838 -0.464265 0.542084
0.773605 -1.912651 -0.087513 0.898672
0.779895 -1.860524 0.302728 0.702800
0.786184 -1.796780 0.646306 0.131132
0.792474 -1.721819 0.890259 -0.422351
0.798763 -1.636107 0.996983 -0.628441
0.805053 -1.540181 0.950027 -0.434900
0.811342 -1.434638 0.756629 -0.063012
0.817632 -1.320139 0.446601 0.192434
0.823921 -1.197397 0.067731 0.195586
0.830211 -1.067179 -0.321578 0.053285
0.836500 -0.930299 -0.661319 -0.008735
0.842790 -0.787610 -0.899120 0.131009
0.849079 -0.640004 -0.998326 0.357588
0.855369 -0.488402 -0.943646 0.399525
0.861658 -0.333751 -0.743507 0.070360
0.867948 -0.177016 -0.428761 -0.520396
0.874237 -0.019176 -0.047923 -0.976319
0.880526 0.138784 0.340302 -0.875029
0.886816 0.295877 0.676071 -0.111258
0.893105 0.451123 0.907627 0.939711
0.899395 0.603553 0.999277 1.598919
0.905684 0.752214 0.936894 1.323867
0.911974 0.896179 0.730093 0.125282
0.918263 1.034548 0.410752 -1.348023
0.924553 1.166459 0.028095 -2.163039
0.930842 1.291087 -0.358892 -1.700887
0.937132 1.407654 -0.690558 -0.111379
0.943421 1.515432 -0.915777 1.703694
0.949711 1.613749 -0.999835 2.612022
0.956000 1.701991 -0.929773 1.969628
0.962290 1.779607 -0.716391 0.073469
0.968579 1.846111 -0.392581 -1.968827
0.974869 1.901090 -0.008257 -2.900694
0.981158 1.944199 0.377340 -2.105776
0.987448 1.975170 0.704772 -0.019614
0.993737 1.993809 0.923567 2.113485
1.000026 2.000000 0.999999 2.999983
1.006316 1.993704 0.922286 2.099249
1.012605 1.974960 0.702407 -0.039416
1.018895 1.943886 0.374256 -2.119202
1.025184 1.900676 -0.011585 -2.899897
1.031474 1.845599 -0.395640 -1.954749
1.037763 1.778999 -0.718709 0.091945
1.044053 1.701292 -0.930993 1.981385
1.050342 1.612963 -0.999769 2.610546
1.056632 1.514563 -0.914435 1.690752
1.062921 1.406708 -0.688146 -0.127337
1.069211 1.290070 -0.355783 -1.710308
1.075500 1.165377 0.031422 -2.161101
1.081790 1.033409 0.413784 -1.337099
1.088079 0.894988 0.732363 0.137788
1.094369 0.750980 0.938052 1.330542
1.100658 0.602283 0.999145 1.596807
1.106948 0.449826 0.906225 0.931495
1.113237 0.294560 0.673615 -0.119729
1.119527 0.137455 0.337170 -0.878835
1.125816 -0.020508 -0.051247 -0.974348
1.132105 -0.178342 -0.431765 -0.515309
1.138395 -0.335064 -0.745729 0.074622
1.144684 -0.489693 -0.944742 0.400630
1.150974 -0.641266 -0.998128 0.356051
1.157263 -0.788834 -0.897658 0.129145
1.163553 -0.931477 -0.658818 -0.009039
1.169842 -1.068305 -0.318425 0.054454
1.176132 -1.198463 0.071052 0.196459
1.182421 -1.321139 0.449577 0.191322
1.188711 -1.435566 0.758801 -0.066014
1.195000 -1.541030 0.951061 -0.437711
1.201290 -1.636873 0.996719 -0.628527
1.207579 -1.722496 0.888738 -0.418837
1.213869 -1.797365 0.643762 0.136461
1.220158 -1.861012 0.299554 0.706490
1.226448 -1.913040 -0.090829 0.897975
1.232737 -1.953125 -0.467211 0.537017
1.239027 -1.981015 -0.771575 -0.187035
1.245316 -1.996536 -0.957004 -0.828833
1.251605 -1.999593 -0.994916 -0.979319
1.257895 -1.990165 -0.879467 -0.541546
1.264184 -1.968312 -0.628453 0.203437
1.270474 -1.934170 -0.280565 0.787100
1.276763 -1.887952 0.110570 0.866240
1.283053 -1.829947 0.484661 0.440044
1.289342 -1.760516 0.784044 -0.174501
1.295632 -1.680094 0.962571 -0.580179
1.301921 -1.589183 0.992723 -0.572094
1.308211 -1.488349 0.869851 -0.250660
1.314500 -1.378223 0.612896 0.094071
1.320790 -1.259493 0.261466 0.224013
1.327079 -1.132899 -0.130267 0.128388
1.333369 -0.999231 -0.501921 -0.000381
1.339658 -0.859325 -0.796205 0.037685
1.345948 -0.714054 -0.967759 0.249664
1.352237 -0.564325 -0.990138 0.418573
1.358527 -0.411072 -0.859892 0.281995
1.364816 -0.255253 -0.597098 -0.213704
1.371106 -0.097840 -0.242264 -0.796261
1.377395 0.060183 0.149913 -1.012530
1.383684 0.217831 0.518982 -0.561803
1.389974 0.374119 0.808053 0.420341
1.396263 0.528071 0.972566 1.362687
1.402553 0.678726 0.987163 1.593081
1.408842 0.825143 0.849594 0.809671
1.415132 0.966409 0.581064 -0.638549
1.421421 1.101641 0.222966 -1.892679
1.427711 1.229995 -0.169501 -2.101858
1.434000 1.350670 -0.535840 -1.000801
1.440290 1.462912 -0.819582 0.845838
1.446579 1.566020 -0.976990 2.332563
1.452869 1.659351 -0.983800 2.488421
1.459158 1.742322 -0.838962 1.118085
1.465448 1.814415 -0.564802 -1.018809
1.471737 1.875180 -0.203581 -2.636855
1.478027 1.924238 0.189021 -2.715278
1.484316 1.961281 0.552486 -1.153471
1.490606 1.986079 0.830789 1.135966
1.496895 1.998478 0.981030 2.773107
1.503184 1.998399 0.980049 2.761507
1.509474 1.985843 0.828000 1.108246
1.515763 1.960889 0.548318 -1.180491
1.522053 1.923692 0.184116 -2.725474
1.528342 1.874485 -0.208467 -2.624643
1.534632 1.813574 -0.568916 -0.992264
1.540921 1.741341 -0.841669 1.142624
1.547211 1.658236 -0.984683 2.496616
1.553500 1.564777 -0.975913 2.320643
1.559790 1.461550 -0.816711 0.822243
1.566079 1.349197 -0.531618 -1.021349
1.572369 1.228420 -0.164578 -2.107703
1.578658 1.099974 0.227831 -1.881968
1.584948 0.964660 0.585121 -0.619394
1.591237 0.823324 0.852217 0.825140
1.597527 0.676847 0.987948 1.596499
1.603816 0.526144 0.971393 1.354006
1.610106 0.372157 0.805101 0.406675
1.616395 0.215846 0.514708 -0.571631
1.622684 0.058187 0.144975 -1.013705
1.628974 -0.099835 -0.247105 -0.790235
1.635263 -0.257234 -0.601095 -0.206020
1.641553 -0.413027 -0.862430 0.286191
1.647842 -0.566241 -0.990825 0.417913
1.654132 -0.715919 -0.966489 0.246640
1.660421 -0.861128 -0.793175 0.035864
1.666711 -1.000961 -0.497596 0.000485
1.673000 -1.134544 -0.125315 0.130318
1.679290 -1.261044 0.266282 0.224024
1.685579 -1.379670 0.616833 0.090754
1.691869 -1.489683 0.872303 -0.255529
1.698158 -1.590395 0.993311 -0.574652
1.704448 -1.681177 0.961206 -0.577525
1.710737 -1.761463 0.780935 -0.167309
1.717027 -1.830752 0.480288 0.447482
1.723316 -1.888610 0.105606 0.868789
1.729606 -1.934677 -0.285354 0.782461
1.735895 -1.968665 -0.632329 0.194044
1.742185 -1.990362 -0.881833 -0.549906
1.748474 -1.999632 -0.995407 -0.981308
1.754763 -1.996418 -0.955544 -0.823169
1.761053 -1.980739 -0.768389 -0.177360
1.767342 -1.952694 -0.462791 0.544607
1.773632 -1.912457 -0.085855 0.899005
1.779921 -1.860280 0.304314 0.700944
1.786211 -1.796488 0.647575 0.128468
1.792500 -1.721480 0.891015 -0.424098
1.798790 -1.635724 0.997110 -0.628387
1.805079 -1.539756 0.949506 -0.433490
1.811369 -1.434174 0.755540 -0.061514
1.817658 -1.319639 0.445111 0.192982
1.823948 -1.196864 0.066071 0.195145
1.830237 -1.066616 -0.323154 0.052703
1.836527 -0.929710 -0.662566 -0.008576
1.842816 -0.786998 -0.899847 0.131944
1.849106 -0.639373 -0.998421 0.358351
1.855395 -0.487757 -0.943094 0.398962
1.861685 -0.333095 -0.742393 0.068221
1.867974 -0.176353 -0.427257 -0.522936
1.874263 -0.018510 -0.046260 -0.977289
1.880553 0.139448 0.341867 -0.873107
1.886842 0.296535 0.677297 -0.107014
1.893132 0.451772 0.908325 0.943808
1.899421 0.604187 0.999339 1.599948
1.905711 0.752831 0.936311 1.320504
1.912000 0.896774 0.728954 0.119021
1.918290 1.035118 0.409234 -1.353467
1.924579 1.167000 0.026432 -2.163972
1.930869 1.291595 -0.360445 -1.696145
1.937158 1.408127 -0.691760 -0.103393
1.943448 1.515867 -0.916445 1.710140
1.949737 1.614143 -0.999864 2.612717
1.956027 1.702341 -0.929159 1.963715
1.962316 1.779910 -0.715229 0.064227
1.968606 1.846367 -0.391050 -1.975835
1.974895 1.901297 -0.006592 -2.901044
1.981185 1.944355 0.378881 -2.099026
1.987474 1.975274 0.705952 -0.009711
1.993764 1.993861 0.924204 2.120568
2.000053 2.000000 0.999994 2.999933
2.006342 1.993651 0.921641 2.092096
2.012632 1.974855 0.701221 -0.049316
2.018921 1.943730 0.372712 -2.125879
2.025211 1.900469 -0.013249 -2.899450
2.031500 1.845342 -0.397168 -1.947679
2.037790 1.778694 -0.719865 0.101179
2.044079 1.700941 -0.931599 1.987228
2.050369 1.612569 -0.999732 2.609764
2.056658 1.514128 -0.913760 1.684256
2.062948 1.406234 -0.686938 -0.135310
2.069237 1.289561 -0.354227 -1.714987
2.075527 1.164836 0.033086 -2.160097
2.081816 1.032839 0.415299 -1.331619
2.088106 0.894393 0.733496 0.144033
2.094395 0.750363 0.938628 1.333853
2.100685 0.601648 0.999075 1.595725
2.106974 0.449177 0.905520 0.927377
2.113264 0.293902 0.672384 -0.123956
2.119553 0.136791 0.335603 -0.880719
2.125842 -0.021173 -0.052909 -0.973347
2.132132 -0.179005 -0.433266 -0.512761
2.138421 -0.335720 -0.746837 0.076745
2.144711 -0.490339 -0.945287 0.401171
2.151000 -0.641896 -0.998025 0.355278
2.157290 -0.789446 -0.896923 0.128216
2.163579 -0.932066 -0.657565 -0.009186
2.169869 -1.068868 -0.316847 0.055040
2.176158 -1.198996 0.072712 0.196892
2.182448 -1.321638 0.451063 0.190759
2.188737 -1.436029 0.759884 -0.067518
2.195027 -1.541454 0.951573 -0.439111
2.201316 -1.637255 0.996583 -0.628559
2.207606 -1.722834 0.887973 -0.417071
2.213895 -1.797657 0.642488 0.139127
2.220185 -1.861256 0.297966 0.708325
2.226474 -1.913234 -0.092486 0.897611
2.232764 -1.953268 -0.468682 0.534473
2.239053 -1.981106 -0.772632 -0.190257
2.245342 -1.996575 -0.957486 -0.830703
2.251632 -1.999579 -0.994747 -0.978633
2.257921 -1.990099 -0.878674 -0.538748
2.264211 -1.968194 -0.627157 0.206562
2.270500 -1.934000 -0.278968 0.788627
2.276790 -1.887732 0.112224 0.865372
2.283079 -1.829678 0.486116 0.437557
2.289369 -1.760200 0.785076 -0.176891
2.295658 -1.679733 0.963021 -0.581048
2.301948 -1.588779 0.992521 -0.571230
2.308237 -1.487905 0.869028 -0.249037
2.314527 -1.377741 0.611580 0.095168
2.320816 -1.258976 0.259859 0.224000
2.327106 -1.132350 -0.131917 0.127744
2.333395 -0.998654 -0.503359 -0.000664
2.339685 -0.858724 -0.797211 0.038299
2.345974 -0.713432 -0.968177 0.250670
2.352264 -0.563686 -0.989903 0.418781
2.358553 -0.410421 -0.859041 0.280582
2.364843 -0.254593 -0.595762 -0.216269
2.371132 -0.097175 -0.240649 -0.798256
2.377421 0.060849 0.151559 -1.012113
2.383711 0.218493 0.520404 -0.558507
2.390000 0.374773 0.809032 0.424896
2.396290 0.528713 0.972952 1.365555
2.402579 0.679352 0.986896 1.591904
2.408869 0.825750 0.848715 0.804489
2.415158 0.966992 0.579709 -0.644927
2.421448 1.102197 0.221344 -1.896211
2.427737 1.230520 -0.171141 -2.099861
2.434027 1.351161 -0.537244 -0.993923
2.440316 1.463366 -0.820535 0.853690
2.446606 1.566434 -0.977344 2.336486
2.452895 1.659723 -0.983500 2.485632
2.459185 1.742649 -0.838055 1.109876
2.465474 1.814695 -0.563428 -1.027638
2.471764 1.875412 -0.201951 -2.640868
2.478053 1.924419 0.190655 -2.711818
2.484343 1.961411 0.553873 -1.144436
2.490632 1.986158 0.831714 1.145182
2.496921 1.998504 0.981351 2.776911
2.503211 1.998372 0.979717 2.757579
2.509500 1.985764 0.827065 1.098982
2.515790 1.960758 0.546925 -1.189471
2.522079 1.923510 0.182480 -2.728811
2.528369 1.874253 -0.210094 -2.620516
2.534658 1.813294 -0.570283 -0.983397
2.540948 1.741013 -0.842566 1.150775
2.547237 1.657863 -0.984972 2.499290
2.553527 1.564363 -0.975549 2.316621
2.559816 1.461095 -0.815750 0.814365
2.566106 1.348705 -0.530207 -1.028170
2.572395 1.227895 -0.162936 -2.109602
2.578685 1.099418 0.229451 -1.878358
2.584974 0.964077 0.586469 -0.613003
2.591264 0.822717 0.853086 0.830271
2.597553 0.676221 0.988205 1.597600
2.603843 0.525502 0.970996 1.351086
2.610132 0.371503 0.804113 0.402119
2.616422 0.215184 0.513280 -0.574887
2.622711 0.057521 0.143328 -1.014072
2.629000 -0.100500 -0.248717 -0.788213
2.635290 -0.257894 -0.602425 -0.203463
2.641579 -0.413678 -0.863271 0.287575
2.647869 -0.566879 -0.991048 0.417682
2.654158 -0.716541 -0.966061 0.245631
2.660448 -0.861729 -0.792160 0.035264
2.666737 -1.001537 -0.496152 0.000780
2.673027 -1.135092 -0.123664 0.130960
2.679316 -1.261560 0.267886 0.224020
2.685606 -1.380152 0.618142 0.089640
2.691895 -1.490127 0.873115 -0.257151
2.698185 -1.590798 0.993502 -0.575492
2.704474 -1.681538 0.960746 -0.576624
2.710764 -1.761778 0.779895 -0.164904
2.717053 -1.831020 0.478827 0.449955
2.723343 -1.888829 0.103951 0.869620
2.729632 -1.934846 -0.286949 0.780896
2.735922 -1.968783 -0.633617 0.190907
2.742211 -1.990427 -0.882616 -0.552681
2.748500 -1.999645 -0.995565 -0.981950
2.754790 -1.996378 -0.955052 -0.821263
2.761079 -1.980647 -0.767323 -0.174132
2.767369 -1.952550 -0.461315 0.547123
2.773658 -1.912262 -0.084197 0.899328
2.779948 -1.860035 0.305899 0.699081
2.786237 -1.796195 0.648842 0.125805
2.792527 -1.721141 0.891770 -0.425838
2.798816 -1.635341 0.997235 -0.628325
2.805106 -1.539331 0.948982 -0.432077
2.811395 -1.433710 0.754448 -0.060019
2.817685 -1.319138 0.443620 0.193526
2.823974 -1.196330 0.064410 0.194701
2.830264 -1.066053 -0.324728 0.052123
2.836553 -0.929120 -0.663812 -0.008414
2.842843 -0.786386 -0.900572 0.132880
2.849132 -0.638743 -0.998513 0.359111
2.855422 -0.487111 -0.942539 0.398392
2.861711 -0.332438 -0.741277 0.066078
2.868000 -0.175690 -0.425751 -0.525474
2.874290 -0.017845 -0.044598 -0.978248
2.880579 0.140112 0.343430 -0.871173
2.886869 0.297194 0.678520 -0.102765
2.893158 0.452420 0.909020 0.947898
2.899448 0.604822 0.999398 1.600961
2.905737 0.753447 0.935725 1.317123
2.912027 0.897369 0.727814 0.112755
2.918316 1.035688 0.407715 -1.358898
2.924606 1.167540 0.024768 -2.164881
2.930895 1.292103 -0.361997 -1.691382
2.937185 1.408599 -0.692961 -0.095403
2.943474 1.516301 -0.917109 1.716568
2.949764 1.614536 -0.999890 2.613383
2.956053 1.702690 -0.928542 1.957778
2.962343 1.780214 -0.714065 0.054982
2.968632 1.846623 -0.389517 -1.982822
2.974922 1.901503 -0.004928 -2.901362
2.981211 1.944511 0.380421 -2.092252
2.987501 1.975379 0.707130 0.000192
2.993790 1.993913 0.924838 2.127628
3.000079 1.999999 0.999988 2.999849
3.006369 1.993598 0.920994 2.084920
3.012658 1.974750 0.700034 -0.059214
3.018948 1.943573 0.371167 -2.132531
3.025237 1.900261 -0.014913 -2.898971
3.031527 1.845085 -0.398695 -1.940589
3.037816 1.778390 -0.721020 0.110409
3.044106 1.700591 -0.932203 1.993047
3.050395 1.612175 -0.999692 2.608953
3.056685 1.513693 -0.913083 1.677743
3.062974 1.405761 -0.685727 -0.143277
3.069264 1.289052 -0.352670 -1.719644
3.075553 1.164295 0.034749 -2.159068
3.081843 1.032269 0.416812 -1.326127
3.088132 0.893797 0.734626 0.150273
3.094422 0.749746 0.939200 1.337147
3.100711 0.601013 0.999002 1.594626
3.107001 0.448528 0.904813 0.923252
3.113290 0.293243 0.671151 -0.128177
3.119579 0.136127 0.334035 -0.882591
3.125869 -0.021839 -0.054571 -0.972335
3.132158 -0.179669 -0.434765 -0.510212
3.138448 -0.336376 -0.747943 0.078863
3.144737 -0.490984 -0.945828 0.401706
3.151027 -0.642527 -0.997919 0.354501
3.157316 -0.790057 -0.896186 0.127288
3.163606 -0.932655 -0.656310 -0.009328
3.169895 -1.069431 -0.315268 0.055629
3.176185 -1.199529 0.074372 0.197322
3.182474 -1.322138 0.452547 0.190191
3.188764 -1.436492 0.760965 -0.069025
3.195053 -1.541878 0.952084 -0.440507
3.201343 -1.637637 0.996444 -0.628583
3.207632 -1.723172 0.887207 -0.415297
3.213922 -1.797948 0.641212 0.141792
3.220211 -1.861499 0.296377 0.710153
3.226501 -1.913428 -0.094143 0.897237
3.232790 -1.953411 -0.470151 0.531923
3.239080 -1.981197 -0.773688 -0.193478
3.245369 -1.996614 -0.957964 -0.832563
3.251658 -1.999566 -0.994576 -0.977937
3.257948 -1.990033 -0.877878 -0.535944
3.264237 -1.968076 -0.625860 0.209684
3.270527 -1.933831 -0.277369 0.790145
3.276816 -1.887512 0.113877 0.864494
3.283106 -1.829409 0.487570 0.435068
3.289395 -1.759884 0.786106 -0.179276
3.295685 -1.679372 0.963468 -0.581910
3.301974 -1.588374 0.992316 -0.570360
3.308264 -1.487460 0.868204 -0.247413
3.314553 -1.377258 0.610262 0.096261
3.320843 -1.258458 0.258252 0.223983
3.327132 -1.131801 -0.133567 0.127098
3.333422 -0.998078 -0.504797 -0.000943
3.339711 -0.858123 -0.798215 0.038916
3.346001 -0.712810 -0.968592 0.251676
3.352290 -0.563047 -0.989666 0.418984
3.358580 -0.409769 -0.858188 0.279163
3.364869 -0.253933 -0.594424 -0.218836
3.371158 -0.096511 -0.239033 -0.800244
3.377448 0.061514 0.153204 -1.011684
3.383737 0.219154 0.521825 -0.555200
3.390027 0.375427 0.810009 0.429450
3.396316 0.529355 0.973335 1.368409
3.402606 0.679978 0.986626 1.590708
3.408895 0.826356 0.847834 0.799294
3.415185 0.967575 0.578352 -0.651302
3.421474 1.102752 0.219720 -1.899723
3.427764 1.231045 -0.172780 -2.097839
3.434053 1.351652 -0.538647 -0.987031
3.440343 1.463820 -0.821485 0.861536
3.446632 1.566848 -0.977695 2.340385
3.452922 1.660094 -0.983198 2.482815
3.459211 1.742976 -0.837146 1.101653
3.465501 1.814975 -0.562052 -1.036458
3.471790 1.875643 -0.200321 -2.644852
3.478080 1.924600 0.192288 -2.708327
3.484369 1.961541 0.555258 -1.135388
3.490659 1.986236 0.832637 1.154386
3.496948 1.998529 0.981669 2.780685
3.503237 1.998345 0.979382 2.753620
3.509527 1.985685 0.826129 1.089706
3.515816 1.960626 0.545531 -1.198436
3.522106 1.923327 0.180843 -2.732117
3.528395 1.874020 -0.211721 -2.616359
3.534685 1.813013 -0.571650 -0.974521
3.540974 1.740686 -0.843461 1.158911
3.547264 1.657491 -0.985258 2.501936
3.553553 1.563948 -0.975182 2.312573
3.559843 1.460640 -0.814786 0.806481
3.566132 1.348213 -0.528795 -1.034977
3.572422 1.227369 -0.161294 -2.111476
3.578711 1.098862 0.231071 -1.874730
3.585001 0.963494 0.587817 -0.606608
3.591290 0.822110 0.853954 0.835390
3.597580 0.675594 0.988458 1.598682
3.603869 0.524860 0.970597 1.348152
3.610159 0.370848 0.803123 0.397563
3.616448 0.214522 0.511851 -0.578132
3.622737 0.056856 0.141681 -1.014426
3.629027 -0.101165 -0.250329 -0.786185
3.635316 -0.258554 -0.603752 -0.200907
3.641606 -0.414329 -0.864110 0.288953
3.647895 -0.567517 -0.991269 0.417445
3.654185 -0.717162 -0.965630 0.244621
3.660474 -0.862330 -0.791143 0.034667
3.666764 -1.002113 -0.494706 0.001079
3.673053 -1.135640 -0.122012 0.131602
3.679343 -1.262077 0.269489 0.224010
3.685632 -1.380634 0.619450 0.088522
3.691922 -1.490571 0.873926 -0.258772
3.698211 -1.591202 0.993690 -0.576327
3.704501 -1.681898 0.960282 -0.575716
3.710790 -1.762093 0.778852 -0.162494
3.717080 -1.831287 0.477366 0.452423
3.723369 -1.889048 0.102296 0.870441
3.729659 -1.935014 -0.288543 0.779321
3.735948 -1.968900 -0.634904 0.187767
3.742237 -1.990492 -0.883397 -0.555450
3.748527 -1.999657 -0.995720 -0.982580
3.754816 -1.996338 -0.954557 -0.819348
3.761106 -1.980554 -0.766254 -0.170902
3.767395 -1.952405 -0.459837 0.549632
3.773685 -1.912067 -0.082539 0.899640
3.779974 -1.859790 0.307483 0.697211
3.786264 -1.795902 0.650108 0.123142
3.792553 -1.720802 0.892521 -0.427572
3.798843 -1.634958 0.997358 -0.628256
3.805132 -1.538906 0.948456 -0.430660
3.811422 -1.433246 0.753355 -0.058526
3.817711 -1.318638 0.442128 0.194065
3.824001 -1.195797 0.062749 0.194255
3.830290 -1.065490 -0.326302 0.051544
3.836580 -0.928531 -0.665056 -0.008248
3.842869 -0.785774 -0.901294 0.133819
3.849159 -0.638112 -0.998603 0.359867
3.855448 -0.486465 -0.941982 0.397814
3.861738 -0.331782 -0.740159 0.063929
3.868027 -0.175027 -0.424245 -0.528010
3.874316 -0.017179 -0.042935 -0.979197
3.880606 0.140776 0.344993 -0.869226
3.886895 0.297852 0.679742 -0.098510
3.893185 0.453069 0.909712 0.951980
3.899474 0.605456 0.999455 1.601955
3.905764 0.754064 0.935137 1.313725
3.912053 0.897964 0.726672 0.106483
3.918343 1.036257 0.406194 -1.364317
3.924632 1.168081 0.023104 -2.165766
3.930922 1.292611 -0.363548 -1.686597
3.937211 1.409072 -0.694160 -0.087409
3.943501 1.516735 -0.917772 1.722980
3.949790 1.614928 -0.999913 2.614019
3.956080 1.703039 -0.927923 1.951817
3.962369 1.780517 -0.712898 0.045734
3.968659 1.846879 -0.387984 -1.989788
3.974948 1.901709 -0.003264 -2.901647
3.981238 1.944667 0.381959 -2.085455
3.987527 1.975483 0.708305 0.010097
3.993816 1.993965 0.925470 2.134664
4.000106 1.999998 0.999978 2.999732
4.006395 1.993545 0.920344 2.077721
4.012685 1.974644 0.698844 -0.069111
4.018974 1.943416 0.369621 -2.139159
4.025264 1.900053 -0.016578 -2.898459
4.031553 1.844828 -0.400221 -1.933479
4.037843 1.778085 -0.722172 0.119636
4.044132 1.700241 -0.932804 1.998843
4.050422 1.611781 -0.999649 2.608114
4.056711 1.513258 -0.912403 1.671214
4.063001 1.405287 -0.684515 -0.151240
4.069290 1.288543 -0.351112 -1.724280
4.075580 1.163754 0.036412 -2.158016
4.081869 1.031698 0.418324 -1.320623
4.088159 0.893202 0.735754 0.156506
4.094448 0.749129 0.939771 1.340423
4.100738 0.600378 0.998926 1.593510
4.107027 0.447880 0.904103 0.919119
4.113317 0.292585 0.669916 -0.132392
4.119606 0.135463 0.332466 -0.884450
4.125895 -0.022505 -0.056233 -0.971313
4.132185 -0.180332 -0.436264 -0.507660
4.138474 -0.337033 -0.749046 0.080975
4.144764 -0.491629 -0.946367 0.402234
4.151053 -0.643157 -0.997811 0.353722
4.157343 -0.790669 -0.895447 0.126363
4.163632 -0.933244 -0.655054 -0.009467
4.169922 -1.069993 -0.313688 0.056218
4.176211 -1.200061 0.076031 0.197748
4.182501 -1.322637 0.454031 0.189618
4.188790 -1.436955 0.762044 -0.070534
4.195080 -1.542302 0.952591 -0.441901
4.201369 -1.638019 0.996302 -0.628599
4.207659 -1.723510 0.886438 -0.413518
4.213948 -1.798240 0.639933 0.144458
4.220238 -1.861743 0.294787 0.711973
4.226527 -1.913622 -0.095800 0.896852
4.232817 -1.953553 -0.471619 0.529365
4.239106 -1.981288 -0.774741 -0.196697
4.245395 -1.996653 -0.958441 -0.834414
4.251685 -1.999552 -0.994401 -0.977229
4.257974 -1.989966 -0.877080 -0.533135
4.264264 -1.967957 -0.624561 0.212802
4.270553 -1.933661 -0.275770 0.791653
4.276843 -1.887292 0.115531 0.863606
4.283132 -1.829140 0.489022 0.432574
4.289422 -1.759568 0.787134 -0.181657
4.295711 -1.679010 0.963912 -0.582763
4.302001 -1.587969 0.992109 -0.569484
4.308290 -1.487015 0.867377 -0.245789
4.314580 -1.376776 0.608943 0.097350
4.320869 -1.257941 0.256644 0.223962
4.327159 -1.131252 -0.135216 0.126453
4.333448 -0.997501 -0.506233 -0.001218
4.339738 -0.857521 -0.799216 0.039537
4.346027 -0.712188 -0.969005 0.252682
4.352317 -0.562409 -0.989426 0.419181
4.358606 -0.409118 -0.857332 0.277737
4.364895 -0.253272 -0.593085 -0.221405
4.371185 -0.095846 -0.237417 -0.802226
4.377474 0.062179 0.154848 -1.011242
4.383764 0.219816 0.523244 -0.551884
4.390053 0.376081 0.810984 0.434003
4.396343 0.529997 0.973715 1.371250
4.402632 0.680604 0.986353 1.589492
4.408922 0.826962 0.846950 0.794087
4.415211 0.968157 0.576994 -0.657673
4.421501 1.103308 0.218097 -1.903215
4.427790 1.231570 -0.174419 -2.095792
4.434080 1.352142 -0.540049 -0.980125
4.440369 1.464273 -0.822433 0.869374
4.446659 1.567262 -0.978043 2.344259
4.452948 1.660466 -0.982893 2.479969
4.459238 1.743302 -0.836235 1.093415
4.465527 1.815255 -0.560675 -1.045267
4.471817 1.875874 -0.198690 -2.648807
4.478106 1.924781 0.193921 -2.704805
4.484396 1.961671 0.556641 -1.126327
4.490685 1.986314 0.833558 1.163577
4.496974 1.998555 0.981985 2.784428
4.503264 1.998318 0.979045 2.749631
4.509553 1.985605 0.825190 1.080419
4.515843 1.960495 0.544136 -1.207387
4.522132 1.923145 0.179206 -2.735392
4.528422 1.873788 -0.213348 -2.612174
4.534711 1.812731 -0.573015 -0.965635
4.541001 1.740358 -0.844354 1.167031
4.547290 1.657118 -0.985541 2.504553
4.553580 1.563533 -0.974812 2.308501
4.559869 1.460186 -0.813820 0.798591
4.566159 1.347722 -0.527382 -1.041769
4.572448 1.226843 -0.159651 -2.113326
4.578738 1.098305 0.232690 -1.871082
4.585027 0.962910 0.589162 -0.600210
4.591317 0.821503 0.854818 0.840495
4.597606 0.674967 0.988709 1.599745
4.603896 0.524217 0.970195 1.345206
4.610185 0.370194 0.802130 0.393006
4.616474 0.213860 0.510421 -0.581367
4.622764 0.056191 0.140033 -1.014768
4.629053 -0.101830 -0.251940 -0.784150
4.635343 -0.259214 -0.605078 -0.198354
4.641632 -0.414980 -0.864946 0.290324
4.647922 -0.568156 -0.991487 0.417202
4.654211 -0.717784 -0.965196 0.243611
4.660501 -0.862930 -0.790124 0.034074
4.666790 -1.002689 -0.493259 0.001381
4.673080 -1.136188 -0.120360 0.132242
4.679369 -1.262593 0.271091 0.223997
4.685659 -1.381115 0.620756 0.087399
4.691948 -1.491015 0.874733 -0.260393
4.698238 -1.591605 0.993876 -0.577156
4.704527 -1.682258 0.959817 -0.574800
4.710817 -1.762408 0.777807 -0.160081
4.717106 -1.831555 0.475902 0.454888
4.723396 -1.889266 0.100640 0.871253
4.729685 -1.935182 -0.290136 0.777737
4.735975 -1.969016 -0.636189 0.184625
4.742264 -1.990557 -0.884176 -0.558213
4.748553 -1.999670 -0.995872 -0.983199
4.754843 -1.996297 -0.954060 -0.817423
4.761132 -1.980462 -0.765184 -0.167672
4.767422 -1.952261 -0.458359 0.552135
4.773711 -1.911871 -0.080880 0.899941
4.780001 -1.859545 0.309066 0.695335
4.786290 -1.795609 0.651371 0.120480
4.792580 -1.720463 0.893271 -0.429299
4.798869 -1.634574 0.997477 -0.628179
4.805159 -1.538481 0.947928 -0.429241
4.811448 -1.432782 0.752260 -0.057036
4.817738 -1.318137 0.440635 0.194599
4.824027 -1.195263 0.061088 0.193806
4.830317 -1.064926 -0.327875 0.050967
4.836606 -0.927941 -0.666298 -0.008077
4.842896 -0.785162 -0.902014 0.134759
4.849185 -0.637481 -0.998689 0.360620
4.855475 -0.485820 -0.941422 0.397230
4.861764 -0.331125 -0.739039 0.061775
4.868053 -0.174364 -0.422737 -0.530543
4.874343 -0.016513 -0.041272 -0.980136
4.880632 0.141440 0.346554 -0.867266
4.886922 0.298510 0.680961 -0.094250
4.893211 0.453717 0.910402 0.956055
4.899501 0.606091 0.999508 1.602932
4.905790 0.754681 0.934546 1.310309
4.912080 0.898559 0.725527 0.100206
4.918369 1.036826 0.404673 -1.369724
4.924659 1.168621 0.021440 -2.166627
4.930948 1.293119 -0.365098 -1.681791
4.937238 1.409544 -0.695357 -0.079410
4.943527 1.517169 -0.918431 1.729375
4.949817 1.615321 -0.999934 2.614627
4.956106 1.703388 -0.927301 1.945833
4.962396 1.780820 -0.711730 0.036484
4.968685 1.847134 -0.386450 -1.996733
4.974975 1.901915 -0.001600 -2.901900
4.981264 1.944822 0.383497 -2.078633
4.987553 1.975587 0.709479 0.020001
4.993843 1.994017 0.926099 2.141677
5.000132 1.999997 0.999965 2.999582
5.006422 1.993491 0.919692 2.070499
5.012711 1.974539 0.697653 -0.079006
5.019001 1.943258 0.368074 -2.145762
5.025290 1.899845 -0.018242 -2.897916
5.031580 1.844571 -0.401745 -1.926348
5.037869 1.777780 -0.723322 0.128860
5.044159 1.699890 -0.933402 2.004614
5.050448 1.611387 -0.999603 2.607245
5.056738 1.512823 -0.911721 1.664668
5.063027 1.404814 -0.683301 -0.159199
5.069317 1.288034 -0.349554 -1.728894
5.075606 1.163212 0.038076 -2.156940
5.081896 1.031128 0.419836 -1.315107
5.088185 0.892606 0.736880 0.162734
5.094475 0.748511 0.940338 1.343681
5.100764 0.599743 0.998848 1.592376
5.107054 0.447231 0.903390 0.914980
5.113343 0.291926 0.668680 -0.136601
5.119632 0.134799 0.330896 -0.886296
5.125922 -0.023170 -0.057895 -0.970282
5.132211 -0.180995 -0.437760 -0.505106
5.138501 -0.337689 -0.750148 0.083083
5.144790 -0.492275 -0.946904 0.402755
5.151080 -0.643787 -0.997699 0.352938
5.157369 -0.791280 -0.894704 0.125439
5.163659 -0.933833 -0.653795 -0.009601
5.169948 -1.070555 -0.312107 0.056810
5.176238 -1.200594 0.077691 0.198172
5.182527 -1.323137 0.455513 0.189040
5.188817 -1.437418 0.763120 -0.072045
5.195106 -1.542726 0.953097 -0.443291
5.201396 -1.638401 0.996158 -0.628608
5.207685 -1.723848 0.885666 -0.411731
5.213975 -1.798531 0.638654 0.147124
5.220264 -1.861986 0.293196 0.713786
5.226554 -1.913815 -0.097456 0.896457
5.232843 -1.953696 -0.473086 0.526801
5.239132 -1.981379 -0.775792 -0.199915
5.245422 -1.996691 -0.958914 -0.836256
5.251711 -1.999537 -0.994224 -0.976511
5.258001 -1.989900 -0.876279 -0.530320
5.264290 -1.967838 -0.623261 0.215918
5.270580 -1.933491 -0.274169 0.793152
5.276869 -1.887072 0.117184 0.862709
5.283159 -1.828871 0.490473 0.430078
5.289448 -1.759251 0.788159 -0.184035
5.295738 -1.678648 0.964354 -0.583609
5.302027 -1.587565 0.991899 -0.568602
5.308317 -1.486569 0.866547 -0.244165
5.314606 -1.376293 0.607622 0.098435
5.320896 -1.257423 0.255035 0.223936
5.327185 -1.130703 -0.136865 0.125806
5.333475 -0.996924 -0.507667 -0.001491
5.339764 -0.856920 -0.800215 0.040161
5.346054 -0.711566 -0.969414 0.253686
5.352343 -0.561770 -0.989183 0.419372
5.358633 -0.408466 -0.856474 0.276304
5.364922 -0.252612 -0.591744 -0.223975
5.371211 -0.095181 -0.235800 -0.804201
5.377501 0.062845 0.156492 -1.010787
5.383790 0.220478 0.524661 -0.548557
5.390080 0.376734 0.811957 0.438555
5.396369 0.530639 0.974093 1.374077
5.402659 0.681230 0.986078 1.588258
5.408948 0.827568 0.846064 0.788868
5.415238 0.968740 0.575634 -0.664040
5.421527 1.103863 0.216472 -1.906688
5.427817 1.232094 -0.176058 -2.093721
5.434106 1.352633 -0.541449 -0.973205
5.440396 1.464727 -0.823378 0.877206
5.446685 1.567675 -0.978388 2.348107
5.452975 1.660837 -0.982585 2.477094
5.459264 1.743628 -0.835321 1.085164
5.465554 1.815534 -0.559296 -1.054067
5.471843 1.876105 -0.197059 -2.652733
5.478133 1.924962 0.195554 -2.701253
5.484422 1.961801 0.558023 -1.117252
5.490711 1.986391 0.834476 1.172755
5.497001 1.998580 0.982298 2.788140
5.503290 1.998291 0.978705 2.745611
5.509580 1.985525 0.824248 1.071120
5.515869 1.960363 0.542739 -1.216323
5.522159 1.922962 0.177568 -2.738637
5.528448 1.873555 -0.214973 -2.607961
5.534738 1.812450 -0.574378 -0.956741
5.541027 1.740030 -0.845245 1.175137
5.547317 1.656746 -0.985822 2.507141
5.553606 1.563118 -0.974439 2.304405
5.559896 1.459731 -0.812852 0.790695
5.566185 1.347230 -0.525967 -1.048546
5.572475 1.226318 -0.158008 -2.115151
5.578764 1.097749 0.234308 -1.867415
5.585054 0.962327 0.590506 -0.593810
5.591343 0.820896 0.855681 0.845588
5.597633 0.674341 0.988957 1.600789
5.603922 0.523575 0.969790 1.342247
5.610211 0.369540 0.801135 0.388449
5.616501 0.213198 0.508989 -0.584592
5.622790 0.055525 0.138385 -1.015098
5.629080 -0.102495 -0.253550 -0.782108
5.635369 -0.259874 -0.606402 -0.195802
5.641659 -0.415632 -0.865780 0.291688
5.647948 -0.568794 -0.991703 0.416954
5.654238 -0.718405 -0.964759 0.242600
5.660527 -0.863531 -0.789103 0.033485
5.666817 -1.003265 -0.491810 0.001686
5.673106 -1.136736 -0.118708 0.132882
5.679396 -1.263109 0.272693 0.223979
5.685685 -1.381597 0.622059 0.086273
5.691975 -1.491458 0.875539 -0.262014
5.698264 -1.592008 0.994058 -0.577979
5.704554 -1.682618 0.959348 -0.573876
5.710843 -1.762723 0.776760 -0.157664
5.717133 -1.831822 0.474438 0.457350
5.723422 -1.889485 0.098984 0.872055
5.729712 -1.935350 -0.291728 0.776144
5.736001 -1.969133 -0.637472 0.181479
5.742290 -1.990621 -0.884952 -0.560971
5.748580 -1.999682 -0.996022 -0.983807
5.754869 -1.996257 -0.953560 -0.815489
5.761159 -1.980369 -0.764111 -0.164440
5.767448 -1.952116 -0.456879 0.554630
5.773738 -1.911676 -0.079221 0.900233
5.780027 -1.859300 0.310649 0.693451
5.786317 -1.795316 0.652633 0.117818
5.792606 -1.720123 0.894018 -0.431019
5.798896 -1.634191 0.997594 -0.628094
5.805185 -1.538055 0.947396 -0.427818
5.811475 -1.432317 0.751162 -0.055548
5.817764 -1.317636 0.439140 0.195128
5.824054 -1.194729 0.059427 0.193354
5.830343 -1.064363 -0.329447 0.050392
5.836633 -0.927351 -0.667538 -0.007903
5.842922 -0.784550 -0.902731 0.135701
5.849212 -0.636850 -0.998773 0.361369
5.855501 -0.485174 -0.940859 0.396639
5.861790 -0.330469 -0.737917 0.059617
5.868080 -0.173701 -0.421228 -0.533074
5.874369 -0.015848 -0.039609 -0.981064
5.880659 0.142104 0.348115 -0.865294
5.886948 0.299169 0.682179 -0.089984
5.893238 0.454365 0.911089 0.960123
5.899527 0.606725 0.999559 1.603892
5.905817 0.755297 0.933952 1.306876
5.912106 0.899153 0.724381 0.093924
5.918396 1.037396 0.403150 -1.375119
5.924685 1.169161 0.019776 -2.167464
5.930975 1.293627 -0.366646 -1.676964
5.937264 1.410016 -0.696552 -0.071408
5.943554 1.517602 -0.919088 1.735752
5.949843 1.615713 -0.999951 2.615205
5.956133 1.703737 -0.926677 1.939826
5.962422 1.781123 -0.710560 0.027232
5.968712 1.847389 -0.384914 -2.003657
5.975001 1.902121 0.000065 -2.902121
5.981291 1.944977 0.385033 -2.071787
5.987580 1.975690 0.710651 0.029906
5.993869 1.994068 0.926726 2.148666
6.000159 1.999996 0.999950 2.999398
6.006448 1.993437 0.919037 2.063254
6.012738 1.974433 0.696460 -0.088900
6.019027 1.943101 0.366526 -2.152340
6.025317 1.899637 -0.019906 -2.897339
6.031606 1.844314 -0.403269 -1.919196
6.037896 1.777475 -0.724470 0.138080
6.044185 1.699539 -0.933998 2.010362
6.050475 1.610992 -0.999555 2.606348
6.056764 1.512387 -0.911036 1.658106
6.063054 1.404340 -0.682085 -0.167152
6.069343 1.287524 -0.347994 -1.733487
6.075633 1.162670 0.039739 -2.155840
6.081922 1.030557 0.421345 -1.309580
6.088212 0.892010 0.738004 0.168957
6.094501 0.747894 0.940903 1.346922
6.100791 0.599108 0.998767 1.591224
6.107080 0.446582 0.902675 0.910834
6.113369 0.291267 0.667441 -0.140805
6.119659 0.134134 0.329325 -0.888130
6.125948 -0.023836 -0.059556 -0.969239
6.132238 -0.181658 -0.439256 -0.502551
6.138527 -0.338345 -0.751247 0.085185
6.144817 -0.492920 -0.947438 0.403268
6.151106 -0.644417 -0.997585 0.352152
6.157396 -0.791892 -0.893960 0.124517
6.163685 -0.934422 -0.652535 -0.009732
6.169975 -1.071118 -0.310526 0.057402
6.176264 -1.201126 0.079350 0.198594
6.182554 -1.323636 0.456994 0.188457
6.188843 -1.437881 0.764195 -0.073559
6.195133 -1.543149 0.953599 -0.444677
6.201422 -1.638783 0.996011 -0.628610
6.207712 -1.724185 0.884892 -0.409938
6.214001 -1.798822 0.637372 0.149790
6.220291 -1.862229 0.291604 0.715593
6.226580 -1.914008 -0.099113 0.896051
6.232870 -1.953838 -0.474552 0.524230
6.239159 -1.981469 -0.776842 -0.203130
6.245448 -1.996729 -0.959385 -0.838089
6.251738 -1.999523 -0.994044 -0.975781
6.258027 -1.989833 -0.875476 -0.527499
6.264317 -1.967719 -0.621958 0.219030
6.270606 -1.933320 -0.272568 0.794641
6.276896 -1.886851 0.118836 0.861803
6.283185 -1.828601 0.491923 0.427578
