-0.000000 -0.000000 -0.000000 -0.000000
0.100000 0.223575 0.328730 0.405496
0.200000 0.380181 0.632365 0.797185
0.300000 0.422908 0.887724 1.161729
0.400000 0.338959 1.075313 1.486716
0.500000 0.153479 1.180812 1.761079
0.600000 -0.077974 1.196165 1.975477
0.700000 -0.286071 1.120202 2.122609
0.800000 -0.408478 0.958721 2.197464
0.900000 -0.408532 0.724049 2.197495
1.000000 -0.286214 0.434103 2.122701
1.100000 -0.078165 0.111017 1.975627
1.200000 0.153298 -0.220544 1.761282
1.300000 0.338842 -0.535269 1.486964
1.400000 0.422890 -0.809130 1.162015
1.500000 0.380267 -1.021222 0.797498
1.600000 0.223740 -1.155352 0.405826
1.700000 0.000194 -1.201281 0.000336
1.800000 -0.223410 -1.155502 -0.405166
1.900000 -0.380094 -1.021511 -0.796872
2.000000 -0.422926 -0.809536 -1.161443
2.100000 -0.339076 -0.535761 -1.486467
2.200000 -0.153660 -0.221085 -1.760876
2.300000 0.077782 0.110469 -1.975326
2.400000 0.285926 0.433590 -2.122516
2.500000 0.408425 0.723609 -2.197433
2.600000 0.408585 0.958388 -2.197527
2.700000 0.286359 1.120002 -2.122794
2.799999 0.078358 1.196114 -1.975778
2.899999 -0.153114 1.180913 -1.761487
2.999999 -0.338723 1.075560 -1.487216
3.099999 -0.422872 0.888097 -1.162305
3.199999 -0.380355 0.632836 -0.797817
3.299999 -0.223908 0.329263 -0.406163
3.399999 -0.000392 0.000554 -0.000679
3.499999 0.223241 -0.328197 0.404828
3.599999 0.380005 -0.631893 0.796550
3.699999 0.422944 -0.887350 1.161151
3.799999 0.339195 -1.075066 1.486212
3.899998 0.153845 -1.180709 1.760669
3.999998 -0.077587 -1.196216 1.975173
4.099998 -0.285780 -1.120402 2.122422
4.199998 -0.408371 -0.959056 2.197402
4.299998 -0.408639 -0.724494 2.197558
4.399998 -0.286505 -0.434622 2.122887
4.499998 -0.078552 -0.111572 1.975931
4.599998 0.152930 0.219996 1.761694
4.699998 0.338604 0.534769 1.487470
4.799998 0.422853 0.808717 1.162597
4.899998 0.380443 1.020927 0.798137
4.999998 0.224076 1.155199 0.406499
5.099998 0.000590 1.201280 0.001023
5.199997 -0.223073 1.155655 -0.404491
5.299997 -0.379917 1.021806 -0.796231
5.399997 -0.422962 0.809951 -1.160859
5.499997 -0.339315 0.536263 -1.485958
5.599997 -0.154029 0.221635 -1.760461
5.699997 0.077393 -0.109911 -1.975020
5.799997 0.285633 -0.433066 -2.122328
5.899997 0.408316 -0.723163 -2.197370
5.999997 0.408693 -0.958050 -2.197590
6.099997 0.286651 -1.119800 -2.122982
6.199996 0.078747 -1.196062 -1.976084
6.299996 -0.152745 -1.181016 -1.761900
6.399996 -0.338484 -1.075809 -1.487725
6.499996 -0.422835 -0.888475 -1.162890
6.599996 -0.380531 -0.633313 -0.798458
6.699996 -0.224245 -0.329803 -0.406838
6.799996 -0.000789 -0.001116 -0.001365
6.899996 0.222903 0.327657 0.404152
6.999996 0.379829 0.631417 0.795910
7.099996 0.422980 0.886973 1.160567
7.199996 0.339434 1.074816 1.485705
7.299995 0.154214 1.180606 1.760254
7.399995 -0.077198 1.196267 1.974866
7.499995 -0.285486 1.120605 2.122234
7.599995 -0.408261 0.959394 2.197338
7.699995 -0.408747 0.724941 2.197621
7.799995 -0.286798 0.435146 2.123075
7.899995 -0.078943 0.112132 1.976238
7.999995 0.152559 -0.219443 1.762108
8.099995 0.338363 -0.534265 1.487978
8.199995 0.422816 -0.808303 1.163181
8.299995 0.380618 -1.020633 0.798775
8.399996 0.224410 -1.155046 0.407170
8.499996 0.000982 -1.201280 0.001703
8.599997 -0.222739 -1.155806 -0.403824
8.699997 -0.379742 -1.022096 -0.795600
8.799997 -0.422997 -0.810357 -1.160286
8.899998 -0.339548 -0.536753 -1.485463
8.999998 -0.154391 -0.222175 -1.760056
9.099998 0.077013 0.109367 -1.974721
9.199999 0.285348 0.432559 -2.122145
9.299999 0.408210 0.722729 -2.197308
9.400000 0.408797 0.957724 -2.197651
9.500000 0.286933 1.119604 -2.123162
9.600000 0.079121 1.196012 -1.976377
9.700001 -0.152391 1.181114 -1.762298
9.800001 -0.338256 1.076047 -1.488209
9.900002 -0.422799 0.888834 -1.163445
10.000002 -0.380698 0.633764 -0.799065
