0.000000e+00 6.020594e+00 4.997546e+00 4.341089e-01 -1.500000e-03 -1.333333e-03 -2.628122e-05
1.041393e+00 6.019943e+00 4.997082e+00 4.343825e-01 -1.649950e-02 -1.466640e-02 -2.891025e-04
1.322219e+00 6.018206e+00 4.995847e+00 4.351120e-01 -3.149653e-02 -2.799817e-02 -5.519693e-04
1.491362e+00 6.015385e+00 4.993840e+00 4.362977e-01 -4.648883e-02 -4.132745e-02 -8.149231e-04
1.612784e+00 6.011481e+00 4.991063e+00 4.379397e-01 -6.147418e-02 -5.465306e-02 -1.078005e-03
1.707570e+00 6.006495e+00 4.987514e+00 4.400383e-01 -7.645033e-02 -6.797382e-02 -1.341258e-03
1.785330e+00 6.000432e+00 4.983197e+00 4.425937e-01 -9.141506e-02 -8.128854e-02 -1.604722e-03
1.851258e+00 5.993292e+00 4.978111e+00 4.456064e-01 -1.063662e-01 -9.459606e-02 -1.868439e-03
1.908485e+00 5.985081e+00 4.972258e+00 4.490770e-01 -1.213014e-01 -1.078952e-01 -2.132452e-03
1.959041e+00 5.975802e+00 4.965640e+00 4.530058e-01 -1.362187e-01 -1.211848e-01 -2.396802e-03
2.004321e+00 5.965460e+00 4.958259e+00 4.573935e-01 -1.511158e-01 -1.344637e-01 -2.661531e-03
2.045323e+00 5.954061e+00 4.950115e+00 4.622409e-01 -1.659906e-01 -1.477307e-01 -2.926683e-03
2.082785e+00 5.941609e+00 4.941213e+00 4.675487e-01 -1.808410e-01 -1.609848e-01 -3.192299e-03
2.117271e+00 5.928110e+00 4.931553e+00 4.733177e-01 -1.956648e-01 -1.742246e-01 -3.458423e-03
2.149219e+00 5.913573e+00 4.921138e+00 4.795488e-01 -2.104601e-01 -1.874492e-01 -3.725097e-03
2.178977e+00 5.898003e+00 4.909972e+00 4.862431e-01 -2.252248e-01 -2.006573e-01 -3.992365e-03
2.206826e+00 5.881408e+00 4.898056e+00 4.934016e-01 -2.399569e-01 -2.138480e-01 -4.260272e-03
2.232996e+00 5.863797e+00 4.885395e+00 5.010254e-01 -2.546545e-01 -2.270199e-01 -4.528860e-03
2.257679e+00 5.845177e+00 4.871991e+00 5.091158e-01 -2.693155e-01 -2.401722e-01 -4.798175e-03
2.281033e+00 5.825557e+00 4.857848e+00 5.176741e-01 -2.839382e-01 -2.533035e-01 -5.068261e-03
2.303196e+00 5.804948e+00 4.842969e+00 5.267016e-01 -2.985206e-01 -2.664130e-01 -5.339163e-03
2.324282e+00 5.783357e+00 4.827359e+00 5.361997e-01 -3.130609e-01 -2.794995e-01 -5.610928e-03
2.344392e+00 5.760796e+00 4.811021e+00 5.461701e-01 -3.275575e-01 -2.925619e-01 -5.883602e-03
2.363612e+00 5.737275e+00 4.793960e+00 5.566143e-01 -3.420084e-01 -3.055992e-01 -6.157231e-03
2.382017e+00 5.712804e+00 4.776179e+00 5.675341e-01 -3.564121e-01 -3.186104e-01 -6.431862e-03
2.399674e+00 5.687394e+00 4.757683e+00 5.789311e-01 -3.707669e-01 -3.315945e-01 -6.707544e-03
2.416641e+00 5.661057e+00 4.738478e+00 5.908073e-01 -3.850712e-01 -3.445504e-01 -6.984325e-03
2.432969e+00 5.633804e+00 4.718567e+00 6.031645e-01 -3.993234e-01 -3.574772e-01 -7.262252e-03
2.448706e+00 5.605647e+00 4.697956e+00 6.160049e-01 -4.135221e-01 -3.703739e-01 -7.541378e-03
2.463893e+00 5.576598e+00 4.676649e+00 6.293305e-01 -4.276657e-01 -3.832395e-01 -7.821750e-03
2.478566e+00 5.546670e+00 4.654652e+00 6.431436e-01 -4.417529e-01 -3.960730e-01 -8.103422e-03
2.492760e+00 5.515874e+00 4.631971e+00 6.574463e-01 -4.557823e-01 -4.088736e-01 -8.386443e-03
2.506505e+00 5.484225e+00 4.608610e+00 6.722412e-01 -4.697525e-01 -4.216403e-01 -8.670867e-03
2.519828e+00 5.451734e+00 4.584576e+00 6.875307e-01 -4.836624e-01 -4.343722e-01 -8.956748e-03
2.532754e+00 5.418414e+00 4.559873e+00 7.033172e-01 -4.975107e-01 -4.470685e-01 -9.244138e-03
2.545307e+00 5.384280e+00 4.534509e+00 7.196036e-01 -5.112962e-01 -4.597282e-01 -9.533094e-03
2.557507e+00 5.349344e+00 4.508489e+00 7.363926e-01 -5.250178e-01 -4.723505e-01 -9.823671e-03
2.569374e+00 5.313619e+00 4.481819e+00 7.536869e-01 -5.386744e-01 -4.849346e-01 -1.011593e-02
2.580925e+00 5.277120e+00 4.454506e+00 7.714896e-01 -5.522650e-01 -4.974796e-01 -1.040992e-02
2.592177e+00 5.239860e+00 4.426555e+00 7.898037e-01 -5.657887e-01 -5.099848e-01 -1.070570e-02
2.603144e+00 5.201853e+00 4.397973e+00 8.086323e-01 -5.792444e-01 -5.224494e-01 -1.100335e-02
2.613842e+00 5.163112e+00 4.368766e+00 8.279788e-01 -5.926314e-01 -5.348726e-01 -1.130290e-02
2.624282e+00 5.123651e+00 4.338942e+00 8.478464e-01 -6.059488e-01 -5.472536e-01 -1.160444e-02
2.634477e+00 5.083484e+00 4.308506e+00 8.68238e-01 -6.191957e-01 -5.595917e-01 -1.190802e-02
2.644439e+00 5.042625e+00 4.277467e+00 8.891593e-01 -6.323715e-01 -5.718863e-01 -1.221370e-02
2.654177e+00 5.001088e+00 4.245829e+00 9.106117e-01 -6.454755e-01 -5.841366e-01 -1.252156e-02
2.663701e+00 4.958886e+00 4.213601e+00 9.326000e-01 -6.585070e-01 -5.963419e-01 -1.283166e-02
2.673021e+00 4.916034e+00 4.180789e+00 9.551279e-01 -6.714654e-01 -6.085017e-01 -1.314407e-02
2.682145e+00 4.872545e+00 4.147401e+00 9.781995e-01 -6.843501e-01 -6.206151e-01 -1.345886e-02
2.691081e+00 4.828433e+00 4.113443e+00 1.001819e+00 -6.971606e-01 -6.326817e-01 -1.377610e-02
2.699838e+00 4.783711e+00 4.078923e+00 1.025991e+00 -7.098965e-01 -6.447009e-01 -1.409586e-02
2.708421e+00 4.738394e+00 4.043847e+00 1.050719e+00 -7.225572e-01 -6.566719e-01 -1.441823e-02
2.716838e+00 4.692494e+00 4.008224e+00 1.076009e+00 -7.351425e-01 -6.685944e-01 -1.474327e-02
2.725095e+00 4.646025e+00 3.972060e+00 1.101864e+00 -7.476518e-01 -6.804677e-01 -1.507107e-02
2.733197e+00 4.599000e+00 3.935362e+00 1.128291e+00 -7.600850e-01 -6.922913e-01 -1.540171e-02
2.741152e+00 4.551433e+00 3.898139e+00 1.155292e+00 -7.724416e-01 -7.040647e-01 -1.573527e-02
2.748963e+00 4.503337e+00 3.860397e+00 1.182875e+00 -7.847216e-01 -7.157873e-01 -1.607183e-02
2.756636e+00 4.454724e+00 3.822144e+00 1.211044e+00 -7.969245e-01 -7.274589e-01 -1.641148e-02
2.764176e+00 4.405608e+00 3.783388e+00 1.239804e+00 -8.090503e-01 -7.390787e-01 -1.675431e-02
2.771587e+00 4.356001e+00 3.744135e+00 1.269161e+00 -8.210988e-01 -7.506466e-01 -1.710042e-02
2.778874e+00 4.305916e+00 3.704394e+00 1.299121e+00 -8.330699e-01 -7.621619e-01 -1.744989e-02
2.786041e+00 4.255366e+00 3.664171e+00 1.329690e+00 -8.449635e-01 -7.736244e-01 -1.780281e-02
2.793092e+00 4.204362e+00 3.623475e+00 1.360874e+00 -8.567795e-01 -7.850336e-01 -1.815930e-02
2.800029e+00 4.152917e+00 3.582312e+00 1.392678e+00 -8.685179e-01 -7.963891e-01 -1.851945e-02
2.806858e+00 4.101043e+00 3.540691e+00 1.425110e+00 -8.801787e-01 -8.076907e-01 -1.888336e-02
2.813581e+00 4.048751e+00 3.498618e+00 1.458176e+00 -8.917620e-01 -8.189379e-01 -1.925115e-02
2.820201e+00 3.996054e+00 3.456102e+00 1.491882e+00 -9.032677e-01 -8.301305e-01 -1.962291e-02
2.826723e+00 3.942963e+00 3.413149e+00 1.526236e+00 -9.146959e-01 -8.412682e-01 -1.999877e-02
2.833147e+00 3.889489e+00 3.369768e+00 1.561245e+00 -9.260468e-01 -8.523507e-01 -2.037884e-02
2.839478e+00 3.835643e+00 3.325965e+00 1.596917e+00 -9.373204e-01 -8.633777e-01 -2.076324e-02
2.845718e+00 3.781437e+00 3.281748e+00 1.633258e+00 -9.485170e-01 -8.743489e-01 -2.115209e-02
2.851870e+00 3.726881e+00 3.237125e+00 1.670276e+00 -9.596366e-01 -8.852642e-01 -2.154552e-02
2.857935e+00 3.671987e+00 3.192103e+00 1.707981e+00 -9.706795e-01 -8.961233e-01 -2.194366e-02
2.863917e+00 3.616763e+00 3.146689e+00 1.746379e+00 -9.816458e-01 -9.069260e-01 -2.234665e-02
2.869818e+00 3.561222e+00 3.100891e+00 1.785479e+00 -9.925358e-01 -9.176722e-01 -2.275462e-02
2.875640e+00 3.505372e+00 3.054715e+00 1.825291e+00 -1.003350e+00 -9.283616e-01 -2.316772e-02
2.881385e+00 3.449225e+00 3.008169e+00 1.865822e+00 -1.014088e+00 -9.389941e-01 -2.358609e-02
2.887054e+00 3.392789e+00 2.961261e+00 1.907083e+00 -1.024750e+00 -9.495696e-01 -2.400989e-02
2.892651e+00 3.336074e+00 2.913998e+00 1.949082e+00 -1.035338e+00 -9.600878e-01 -2.443928e-02
2.898176e+00 3.279090e+00 2.866386e+00 1.991830e+00 -1.045850e+00 -9.705488e-01 -2.487441e-02
2.903633e+00 3.221846e+00 2.818433e+00 2.035337e+00 -1.056288e+00 -9.809524e-01 -2.531546e-02
2.909021e+00 3.164351e+00 2.770145e+00 2.079612e+00 -1.066651e+00 -9.912986e-01 -2.576259e-02
2.914343e+00 3.106614e+00 2.721531e+00 2.124667e+00 -1.076941e+00 -1.001587e+00 -2.621599e-02
2.919601e+00 3.048643e+00 2.672596e+00 2.170512e+00 -1.087156e+00 -1.011818e+00 -2.667584e-02
2.924796e+00 2.990449e+00 2.623348e+00 2.217160e+00 -1.097299e+00 -1.021991e+00 -2.714234e-02
2.929930e+00 2.932037e+00 2.573794e+00 2.264620e+00 -1.107368e+00 -1.032107e+00 -2.761568e-02
2.935003e+00 2.873418e+00 2.523939e+00 2.312906e+00 -1.117366e+00 -1.042165e+00 -2.809607e-02
2.940018e+00 2.814598e+00 2.473792e+00 2.362029e+00 -1.127291e+00 -1.052165e+00 -2.858372e-02
2.944976e+00 2.755587e+00 2.423359e+00 2.412003e+00 -1.137144e+00 -1.062107e+00 -2.907885e-02
2.949878e+00 2.696391e+00 2.372646e+00 2.462840e+00 -1.146926e+00 -1.071992e+00 -2.958170e-02
2.954725e+00 2.637018e+00 2.321661e+00 2.514555e+00 -1.156637e+00 -1.081819e+00 -3.009249e-02
2.959518e+00 2.577476e+00 2.270408e+00 2.567160e+00 -1.166278e+00 -1.091588e+00 -3.061147e-02
2.964260e+00 2.517772e+00 2.218896e+00 2.620670e+00 -1.175848e+00 -1.101300e+00 -3.113890e-02
2.968950e+00 2.457912e+00 2.167130e+00 2.675099e+00 -1.185349e+00 -1.110954e+00 -3.167505e-02
2.973590e+00 2.397905e+00 2.115116e+00 2.730464e+00 -1.194781e+00 -1.120551e+00 -3.222018e-02
2.978181e+00 2.337756e+00 2.062862e+00 2.786780e+00 -1.204144e+00 -1.130090e+00 -3.277459e-02
2.982723e+00 2.277473e+00 2.010372e+00 2.844063e+00 -1.213439e+00 -1.139572e+00 -3.333857e-02
2.987219e+00 2.217061e+00 1.957654e+00 2.902329e+00 -1.222666e+00 -1.148997e+00 -3.391243e-02
2.991669e+00 2.156527e+00 1.904713e+00 2.961596e+00 -1.231826e+00 -1.158364e+00 -3.449650e-02
2.996074e+00 2.095878e+00 1.851555e+00 3.021883e+00 -1.240919e+00 -1.167674e+00 -3.509110e-02
3.000434e+00 2.035119e+00 1.798186e+00 3.083206e+00 -1.249945e+00 -1.176928e+00 -3.569658e-02
3.004751e+00 1.974257e+00 1.744613e+00 3.145585e+00 -1.258906e+00 -1.186125e+00 -3.631331e-02
3.009026e+00 1.913296e+00 1.690840e+00 3.209040e+00 -1.267801e+00 -1.195265e+00 -3.694167e-02
3.013259e+00 1.852244e+00 1.636873e+00 3.273592e+00 -1.276631e+00 -1.204348e+00 -3.758205e-02
3.017451e+00 1.791105e+00 1.582719e+00 3.339260e+00 -1.285396e+00 -1.213376e+00 -3.823487e-02
3.021603e+00 1.729884e+00 1.528382e+00 3.406067e+00 -1.294098e+00 -1.222347e+00 -3.890054e-02
3.025715e+00 1.668588e+00 1.473869e+00 3.474036e+00 -1.302736e+00 -1.231261e+00 -3.957953e-02
3.029789e+00 1.607220e+00 1.419184e+00 3.543189e+00 -1.311310e+00 -1.240121e+00 -4.027229e-02
3.033826e+00 1.545787e+00 1.364333e+00 3.613550e+00 -1.319822e+00 -1.248924e+00 -4.097932e-02
3.037825e+00 1.484293e+00 1.309321e+00 3.685145e+00 -1.328272e+00 -1.257672e+00 -4.170114e-02
3.041787e+00 1.422742e+00 1.254154e+00 3.757999e+00 -1.336661e+00 -1.266364e+00 -4.243827e-02
3.045714e+00 1.361141e+00 1.198837e+00 3.832139e+00 -1.344988e+00 -1.275002e+00 -4.319128e-02
3.049606e+00 1.299492e+00 1.143374e+00 3.907592e+00 -1.353254e+00 -1.283585e+00 -4.396075e-02
3.053463e+00 1.237801e+00 1.087770e+00 3.984388e+00 -1.361460e+00 -1.292112e+00 -4.474731e-02
3.057286e+00 1.176071e+00 1.032032e+00 4.062555e+00 -1.369606e+00 -1.300586e+00 -4.555160e-02
3.061075e+00 1.114308e+00 9.761624e-01 4.142126e+00 -1.377693e+00 -1.309005e+00 -4.637429e-02
3.064832e+00 1.052515e+00 9.201674e-01 4.223132e+00 -1.385721e+00 -1.317370e+00 -4.721611e-02
3.068557e+00 9.906965e-01 8.640512e-01 4.305606e+00 -1.393691e+00 -1.325681e+00 -4.807779e-02
3.072250e+00 9.288560e-01 8.078187e-01 4.389583e+00 -1.401603e+00 -1.333939e+00 -4.896013e-02
3.075912e+00 8.669975e-01 7.514743e-01 4.475099e+00 -1.409457e+00 -1.342143e+00 -4.986395e-02
3.079543e+00 8.051248e-01 6.950226e-01 4.562191e+00 -1.417255e+00 -1.350295e+00 -5.079013e-02
3.083144e+00 7.432414e-01 6.384680e-01 4.650899e+00 -1.424996e+00 -1.358393e+00 -5.173958e-02
3.086716e+00 6.813511e-01 5.818148e-01 4.741263e+00 -1.432681e+00 -1.366439e+00 -5.271327e-02
3.090258e+00 6.194572e-01 5.250674e-01 4.833324e+00 -1.440310e+00 -1.374432e+00 -5.371222e-02
3.093772e+00 5.575630e-01 4.682300e-01 4.927128e+00 -1.447885e+00 -1.382374e+00 -5.473751e-02
3.097257e+00 4.956720e-01 4.113067e-01 5.022719e+00 -1.455404e+00 -1.390263e+00 -5.579028e-02
3.100715e+00 4.337872e-01 3.543016e-01 5.120145e+00 -1.462870e+00 -1.398101e+00 -5.687174e-02
3.104146e+00 3.719119e-01 2.972189e-01 5.219457e+00 -1.470282e+00 -1.405888e+00 -5.798315e-02
3.107549e+00 3.100490e-01 2.400623e-01 5.320707e+00 -1.477640e+00 -1.413623e+00 -5.912587e-02
3.110926e+00 2.482015e-01 1.828358e-01 5.423948e+00 -1.484946e+00 -1.421308e+00 -6.030133e-02
3.114277e+00 1.863724e-01 1.255433e-01 5.529238e+00 -1.492199e+00 -1.428943e+00 -6.151105e-02
3.117603e+00 1.245643e-01 6.818844e-02 5.636637e+00 -1.499400e+00 -1.436527e+00 -6.275663e-02
3.120903e+00 6.278015e-02 1.077501e-02 5.746205e+00 -1.506550e+00 -1.444061e+00 -6.403980e-02
3.124178e+00 1.022510e-03 -4.669338e-02 5.858010e+00 -1.513649e+00 -1.451545e+00 -6.536237e-02
3.127429e+00 -6.070600e-02 -1.042132e-01 5.972118e+00 -1.520697e+00 -1.458981e+00 -6.672629e-02
3.130655e+00 -1.224028e-01 -1.617809e-01 6.088601e+00 -1.527695e+00 -1.466367e+00 -6.813362e-02
3.133858e+00 -1.840656e-01 -2.193930e-01 6.207536e+00 -1.534643e+00 -1.473704e+00 -6.958658e-02
3.137037e+00 -2.456918e-01 -2.770462e-01 6.329000e+00 -1.541542e+00 -1.480993e+00 -7.108751e-02
3.140194e+00 -3.072791e-01 -3.347371e-01 6.453077e+00 -1.548391e+00 -1.488233e+00 -7.263895e-02
3.143327e+00 -3.688253e-01 -3.924624e-01 6.579854e+00 -1.555193e+00 -1.495426e+00 -7.424358e-02
3.146438e+00 -4.303282e-01 -4.502191e-01 6.709423e+00 -1.561946e+00 -1.502570e+00 -7.590431e-02
3.149527e+00 -4.917855e-01 -5.080038e-01 6.841881e+00 -1.568652e+00 -1.509668e+00 -7.762423e-02
3.152594e+00 -5.531953e-01 -5.658136e-01 6.977330e+00 -1.575310e+00 -1.516718e+00 -7.940669e-02
3.155640e+00 -6.145554e-01 -6.236454e-01 7.115878e+00 -1.581921e+00 -1.523722e+00 -8.125527e-02
3.158664e+00 -6.758640e-01 -6.814962e-01 7.257638e+00 -1.588486e+00 -1.530679e+00 -8.317384e-02
3.161667e+00 -7.371190e-01 -7.393631e-01 7.402731e+00 -1.595005e+00 -1.537590e+00 -8.516657e-02
3.164650e+00 -7.983186e-01 -7.972433e-01 7.551286e+00 -1.601478e+00 -1.544455e+00 -8.723796e-02
3.167613e+00 -8.594609e-01 -8.551339e-01 7.703435e+00 -1.607906e+00 -1.551275e+00 -8.939290e-02
3.170555e+00 -9.205443e-01 -9.130322e-01 7.859324e+00 -1.614289e+00 -1.558049e+00 -9.163666e-02
3.173478e+00 -9.815669e-01 -9.709354e-01 8.019105e+00 -1.620628e+00 -1.564778e+00 -9.397499e-02
3.176381e+00 -1.042527e+00 -1.028841e+00 8.182938e+00 -1.626922e+00 -1.571463e+00 -9.641412e-02
3.179264e+00 -1.103423e+00 -1.086746e+00 8.350996e+00 -1.633173e+00 -1.578103e+00 -9.896084e-02
3.182129e+00 -1.164254e+00 -1.144649e+00 8.523463e+00 -1.639380e+00 -1.584699e+00 -1.016226e-01
3.184975e+00 -1.225017e+00 -1.202546e+00 8.700535e+00 -1.645545e+00 -1.591251e+00 -1.044074e-01
3.187803e+00 -1.285712e+00 -1.260436e+00 8.882421e+00 -1.651667e+00 -1.597760e+00 -1.073242e-01
3.190612e+00 -1.346337e+00 -1.318315e+00 9.069345e+00 -1.657746e+00 -1.604225e+00 -1.103828e-01
3.193403e+00 -1.406890e+00 -1.376182e+00 9.261546e+00 -1.663784e+00 -1.610647e+00 -1.135938e-01
3.196176e+00 -1.467370e+00 -1.434034e+00 9.459283e+00 -1.669780e+00 -1.617027e+00 -1.169691e-01
3.198932e+00 -1.527776e+00 -1.491870e+00 9.662831e+00 -1.675735e+00 -1.623365e+00 -1.205217e-01
3.201670e+00 -1.588107e+00 -1.549686e+00 9.872490e+00 -1.681650e+00 -1.629660e+00 -1.242662e-01
3.204391e+00 -1.648360e+00 -1.607480e+00 1.008858e+01 -1.687524e+00 -1.635914e+00 -1.282186e-01
3.207096e+00 -1.708536e+00 -1.665251e+00 1.031145e+01 -1.693357e+00 -1.642126e+00 -1.323968e-01
3.209783e+00 -1.768633e+00 -1.722997e+00 1.054147e+01 -1.699151e+00 -1.648297e+00 -1.368208e-01
3.212454e+00 -1.828649e+00 -1.780715e+00 1.077905e+01 -1.704906e+00 -1.654427e+00 -1.415132e-01
3.215109e+00 -1.888584e+00 -1.838403e+00 1.102463e+01 -1.710622e+00 -1.660516e+00 -1.464990e-01
3.217747e+00 -1.948437e+00 -1.896060e+00 1.127870e+01 -1.716298e+00 -1.666566e+00 -1.518068e-01
3.220370e+00 -2.008206e+00 -1.953684e+00 1.154177e+01 -1.721937e+00 -1.672575e+00 -1.574688e-01
3.222976e+00 -2.067890e+00 -2.011272e+00 1.181443e+01 -1.727537e+00 -1.678544e+00 -1.635216e-01
3.225568e+00 -2.127489e+00 -2.068823e+00 1.209730e+01 -1.733100e+00 -1.684474e+00 -1.700069e-01
3.228144e+00 -2.187002e+00 -2.126336e+00 1.239106e+01 -1.738625e+00 -1.690365e+00 -1.769726e-01
3.230704e+00 -2.246427e+00 -2.183808e+00 1.269648e+01 -1.744113e+00 -1.696217e+00 -1.844737e-01
3.233250e+00 -2.305764e+00 -2.241238e+00 1.301440e+01 -1.749565e+00 -1.702031e+00 -1.925740e-01
3.235781e+00 -2.365012e+00 -2.298623e+00 1.334574e+01 -1.754980e+00 -1.707806e+00 -2.013475e-01
3.238297e+00 -2.424169e+00 -2.355964e+00 1.369152e+01 -1.760359e+00 -1.713543e+00 -2.108808e-01
3.240799e+00 -2.483236e+00 -2.413257e+00 1.405289e+01 -1.765702e+00 -1.719243e+00 -2.212754e-01
3.243286e+00 -2.542212e+00 -2.470501e+00 1.443110e+01 -1.771009e+00 -1.724905e+00 -2.326517e-01
3.245759e+00 -2.601095e+00 -2.527696e+00 1.482757e+01 -1.776282e+00 -1.730529e+00 -2.451528e-01
3.248219e+00 -2.659885e+00 -2.584838e+00 1.524387e+01 -1.781519e+00 -1.736117e+00 -2.589505e-01
3.250664e+00 -2.718582e+00 -2.641928e+00 1.568176e+01 -1.786722e+00 -1.741669e+00 -2.742520e-01
3.253096e+00 -2.777184e+00 -2.698963e+00 1.614319e+01 -1.791890e+00 -1.747184e+00 -2.913098e-01
3.255514e+00 -2.835691e+00 -2.755942e+00 1.663034e+01 -1.797025e+00 -1.752662e+00 -3.104336e-01
3.257918e+00 -2.894102e+00 -2.812865e+00 1.714562e+01 -1.802126e+00 -1.758105e+00 -3.320073e-01
3.260310e+00 -2.952417e+00 -2.869728e+00 1.769166e+01 -1.807193e+00 -1.763513e+00 -3.565102e-01
3.262688e+00 -3.010635e+00 -2.926532e+00 1.827130e+01 -1.812227e+00 -1.768885e+00 -3.845476e-01
3.265054e+00 -3.068756e+00 -2.983275e+00 1.888748e+01 -1.817228e+00 -1.774222e+00 -4.168898e-01
3.267406e+00 -3.126778e+00 -3.039955e+00 1.954309e+01 -1.822197e+00 -1.779525e+00 -4.545262e-01
3.269746e+00 -3.184703e+00 -3.096573e+00 2.024058e+01 -1.827133e+00 -1.784793e+00 -4.987367e-01
3.272074e+00 -3.242528e+00 -3.153125e+00 2.098130e+01 -1.832037e+00 -1.790027e+00 -5.511834e-01
3.274389e+00 -3.300253e+00 -3.209612e+00 2.176425e+01 -1.836910e+00 -1.795227e+00 -6.140200e-01
3.276692e+00 -3.357879e+00 -3.266032e+00 2.258384e+01 -1.841751e+00 -1.800393e+00 -6.899995e-01
3.278982e+00 -3.415404e+00 -3.322385e+00 2.342615e+01 -1.846561e+00 -1.805526e+00 -7.825159e-01
3.281261e+00 -3.472828e+00 -3.378668e+00 2.426313e+01 -1.851340e+00 -1.810625e+00 -8.954207e-01
3.283527e+00 -3.530151e+00 -3.434881e+00 2.504525e+01 -1.856088e+00 -1.815692e+00 -1.032297e+00
3.285782e+00 -3.587373e+00 -3.491024e+00 2.569643e+01 -1.860805e+00 -1.820726e+00 -1.194767e+00
3.288026e+00 -3.644492e+00 -3.547095e+00 2.612138e+01 -1.865493e+00 -1.825727e+00 -1.379854e+00
3.290257e+00 -3.701509e+00 -3.603093e+00 2.623583e+01 -1.870150e+00 -1.830697e+00 -1.577977e+00
3.292478e+00 -3.758423e+00 -3.659017e+00 2.601006e+01 -1.874778e+00 -1.835634e+00 -1.774563e+00
3.294687e+00 -3.815234e+00 -3.714866e+00 2.548761e+01 -1.879376e+00 -1.840540e+00 -1.955673e+00
3.296884e+00 -3.871942e+00 -3.770641e+00 2.475842e+01 -1.883945e+00 -1.845415e+00 -2.113073e+00
3.299071e+00 -3.928545e+00 -3.826338e+00 2.391557e+01 -1.888485e+00 -1.850258e+00 -2.244928e+00
3.301247e+00 -3.985045e+00 -3.881959e+00 2.302981e+01 -1.892997e+00 -1.855070e+00 -2.353441e+00
3.303412e+00 -4.041441e+00 -3.937502e+00 2.214581e+01 -1.897480e+00 -1.859852e+00 -2.442349e+00
3.305566e+00 -4.097732e+00 -3.992966e+00 2.128822e+01 -1.901934e+00 -1.864603e+00 -2.515446e+00
3.307710e+00 -4.153919e+00 -4.048351e+00 2.046891e+01 -1.906361e+00 -1.869324e+00 -2.576002e+00
3.309843e+00 -4.210000e+00 -4.103655e+00 1.969229e+01 -1.910760e+00 -1.874015e+00 -2.626644e+00
3.311966e+00 -4.265976e+00 -4.158879e+00 1.895877e+01 -1.915131e+00 -1.878676e+00 -2.669417e+00
3.314078e+00 -4.321847e+00 -4.214021e+00 1.826670e+01 -1.919476e+00 -1.883308e+00 -2.705899e+00
3.316180e+00 -4.377612e+00 -4.269081e+00 1.761349e+01 -1.923793e+00 -1.887910e+00 -2.737305e+00
3.318272e+00 -4.433272e+00 -4.324059e+00 1.699622e+01 -1.928083e+00 -1.892484e+00 -2.764576e+00
3.320354e+00 -4.488825e+00 -4.378952e+00 1.641196e+01 -1.932346e+00 -1.897028e+00 -2.788444e+00
3.322426e+00 -4.544273e+00 -4.433762e+00 1.585792e+01 -1.936583e+00 -1.901544e+00 -2.809488e+00
3.324488e+00 -4.599614e+00 -4.488487e+00 1.533149e+01 -1.940794e+00 -1.906031e+00 -2.828165e+00
3.326541e+00 -4.654849e+00 -4.543127e+00 1.483032e+01 -1.944979e+00 -1.910491e+00 -2.844844e+00
3.328583e+00 -4.709977e+00 -4.597681e+00 1.435227e+01 -1.949138e+00 -1.914922e+00 -2.859820e+00
3.330617e+00 -4.764999e+00 -4.652148e+00 1.389543e+01 -1.953272e+00 -1.919326e+00 -2.873337e+00
3.332640e+00 -4.819914e+00 -4.706529e+00 1.345808e+01 -1.957380e+00 -1.923702e+00 -2.885593e+00
3.334655e+00 -4.874722e+00 -4.760823e+00 1.303869e+01 -1.961463e+00 -1.928051e+00 -2.896756e+00
3.336660e+00 -4.929423e+00 -4.815029e+00 1.263587e+01 -1.965521e+00 -1.932373e+00 -2.906962e+00
3.338656e+00 -4.984017e+00 -4.869146e+00 1.224837e+01 -1.969554e+00 -1.936668e+00 -2.916328e+00
3.340642e+00 -5.038504e+00 -4.923175e+00 1.187510e+01 -1.973563e+00 -1.940936e+00 -2.924952e+00
3.342620e+00 -5.092884e+00 -4.977115e+00 1.151504e+01 -1.977547e+00 -1.945178e+00 -2.932919e+00
3.344589e+00 -5.147157e+00 -5.030965e+00 1.116728e+01 -1.981508e+00 -1.949393e+00 -2.940299e+00
3.346549e+00 -5.201323e+00 -5.084725e+00 1.083101e+01 -1.985444e+00 -1.953583e+00 -2.947156e+00
3.348500e+00 -5.255382e+00 -5.138395e+00 1.050548e+01 -1.989357e+00 -1.957747e+00 -2.953541e+00
3.350442e+00 -5.309333e+00 -5.191974e+00 1.019001e+01 -1.993246e+00 -1.961885e+00 -2.959503e+00
3.352375e+00 -5.363177e+00 -5.245462e+00 9.883988e+00 -1.997112e+00 -1.965998e+00 -2.965081e+00
3.354301e+00 -5.416914e+00 -5.298859e+00 9.586847e+00 -2.000954e+00 -1.970085e+00 -2.970312e+00
3.356217e+00 -5.470544e+00 -5.352164e+00 9.298071e+00 -2.004774e+00 -1.974147e+00 -2.975226e+00
3.358125e+00 -5.524066e+00 -5.405377e+00 9.017188e+00 -2.008570e+00 -1.978185e+00 -2.979852e+00
3.360025e+00 -5.577482e+00 -5.458498e+00 8.743761e+00 -2.012344e+00 -1.982198e+00 -2.984213e+00
3.361917e+00 -5.630790e+00 -5.511526e+00 8.477390e+00 -2.016096e+00 -1.986187e+00 -2.988333e+00
3.363800e+00 -5.683991e+00 -5.564461e+00 8.217704e+00 -2.019825e+00 -1.990151e+00 -2.992230e+00
3.365675e+00 -5.737084e+00 -5.617303e+00 7.964361e+00 -2.023532e+00 -1.994091e+00 -2.995923e+00
3.367542e+00 -5.790071e+00 -5.670051e+00 7.717045e+00 -2.027218e+00 -1.998007e+00 -2.999426e+00
3.369401e+00 -5.842951e+00 -5.722706e+00 7.475461e+00 -2.030881e+00 -2.001900e+00 -3.002754e+00
3.371253e+00 -5.895723e+00 -5.775267e+00 7.239336e+00 -2.034523e+00 -2.005769e+00 -3.005920e+00
3.373096e+00 -5.948389e+00 -5.827733e+00 7.008415e+00 -2.038144e+00 -2.009615e+00 -3.008935e+00
3.374932e+00 -6.000948e+00 -5.880106e+00 6.782461e+00 -2.041743e+00 -2.013438e+00 -3.011811e+00
3.376759e+00 -6.053400e+00 -5.932384e+00 6.561254e+00 -2.045322e+00 -2.017237e+00 -3.014555e+00
3.378580e+00 -6.105746e+00 -5.984567e+00 6.344585e+00 -2.048879e+00 -2.021014e+00 -3.017178e+00
3.380392e+00 -6.157984e+00 -6.036655e+00 6.132260e+00 -2.052416e+00 -2.024768e+00 -3.019688e+00
3.382197e+00 -6.210117e+00 -6.088648e+00 5.924098e+00 -2.055932e+00 -2.028500e+00 -3.022090e+00
3.383995e+00 -6.262143e+00 -6.140546e+00 5.719929e+00 -2.059428e+00 -2.032210e+00 -3.024393e+00
3.385785e+00 -6.314062e+00 -6.192349e+00 5.519591e+00 -2.062903e+00 -2.035898e+00 -3.026602e+00
3.387568e+00 -6.365876e+00 -6.244056e+00 5.322934e+00 -2.066359e+00 -2.039563e+00 -3.028723e+00
3.389343e+00 -6.417583e+00 -6.295668e+00 5.129815e+00 -2.069794e+00 -2.043207e+00 -3.030761e+00
3.391112e+00 -6.469184e+00 -6.347184e+00 4.940101e+00 -2.073210e+00 -2.046829e+00 -3.032721e+00
3.392873e+00 -6.520680e+00 -6.398604e+00 4.753664e+00 -2.076606e+00 -2.050430e+00 -3.034607e+00
3.394627e+00 -6.572069e+00 -6.449928e+00 4.570385e+00 -2.079983e+00 -2.054010e+00 -3.036424e+00
3.396374e+00 -6.623353e+00 -6.501156e+00 4.390150e+00 -2.083340e+00 -2.057569e+00 -3.038175e+00
3.398114e+00 -6.674532e+00 -6.552288e+00 4.212852e+00 -2.086678e+00 -2.061106e+00 -3.039863e+00
3.399847e+00 -6.725605e+00 -6.603323e+00 4.038391e+00 -2.089997e+00 -2.064623e+00 -3.041493e+00
3.401573e+00 -6.776573e+00 -6.654263e+00 3.866668e+00 -2.093298e+00 -2.068120e+00 -3.043067e+00
3.403292e+00 -6.827436e+00 -6.705106e+00 3.697592e+00 -2.096579e+00 -2.071596e+00 -3.044588e+00
3.405005e+00 -6.878194e+00 -6.755853e+00 3.531077e+00 -2.099842e+00 -2.075052e+00 -3.046058e+00
3.406710e+00 -6.928848e+00 -6.806503e+00 3.367039e+00 -2.103087e+00 -2.078487e+00 -3.047481e+00
3.408410e+00 -6.979396e+00 -6.857057e+00 3.205399e+00 -2.106313e+00 -2.081903e+00 -3.048858e+00
3.410102e+00 -7.029841e+00 -6.907515e+00 3.046083e+00 -2.109521e+00 -2.085299e+00 -3.050192e+00
3.411788e+00 -7.080181e+00 -6.957876e+00 2.889019e+00 -2.112711e+00 -2.088675e+00 -3.051484e+00
3.413467e+00 -7.130417e+00 -7.008140e+00 2.734138e+00 -2.115883e+00 -2.092032e+00 -3.052737e+00
3.415140e+00 -7.180549e+00 -7.058308e+00 2.581375e+00 -2.119038e+00 -2.095369e+00 -3.053952e+00
3.416807e+00 -7.230577e+00 -7.108380e+00 2.430668e+00 -2.122175e+00 -2.098687e+00 -3.055131e+00
3.418467e+00 -7.280501e+00 -7.158355e+00 2.281958e+00 -2.125294e+00 -2.101986e+00 -3.056276e+00
3.420121e+00 -7.330323e+00 -7.208234e+00 2.135186e+00 -2.128396e+00 -2.105266e+00 -3.057389e+00
3.421768e+00 -7.380040e+00 -7.258016e+00 1.990298e+00 -2.131481e+00 -2.108528e+00 -3.058469e+00
3.423410e+00 -7.429655e+00 -7.307701e+00 1.847243e+00 -2.134549e+00 -2.111770e+00 -3.059520e+00
3.425045e+00 -7.479167e+00 -7.357290e+00 1.705970e+00 -2.137600e+00 -2.114995e+00 -3.060542e+00
3.426674e+00 -7.528577e+00 -7.406783e+00 1.566431e+00 -2.140634e+00 -2.118201e+00 -3.061536e+00
3.428297e+00 -7.577884e+00 -7.456180e+00 1.428579e+00 -2.143651e+00 -2.121389e+00 -3.062503e+00
3.429914e+00 -7.627088e+00 -7.505480e+00 1.292371e+00 -2.146652e+00 -2.124558e+00 -3.063445e+00
3.431525e+00 -7.676191e+00 -7.554684e+00 1.157764e+00 -2.149636e+00 -2.127710e+00 -3.064363e+00
3.433130e+00 -7.725191e+00 -7.603791e+00 1.024717e+00 -2.152604e+00 -2.130844e+00 -3.065257e+00
3.434729e+00 -7.774090e+00 -7.652803e+00 8.931908e-01 -2.155556e+00 -2.133960e+00 -3.066129e+00
3.436322e+00 -7.822887e+00 -7.701719e+00 7.631471e-01 -2.158491e+00 -2.137059e+00 -3.066978e+00
3.437909e+00 -7.871583e+00 -7.750538e+00 6.345498e-01 -2.161411e+00 -2.140141e+00 -3.067807e+00
3.439491e+00 -7.920178e+00 -7.799262e+00 5.073638e-01 -2.164315e+00 -2.143205e+00 -3.068616e+00
3.441066e+00 -7.968673e+00 -7.847889e+00 3.815552e-01 -2.167203e+00 -2.146252e+00 -3.069405e+00
3.442637e+00 -8.017066e+00 -7.896421e+00 2.570915e-01 -2.170076e+00 -2.149282e+00 -3.070176e+00
3.444201e+00 -8.065359e+00 -7.944858e+00 1.339412e-01 -2.172933e+00 -2.152295e+00 -3.070928e+00
3.445760e+00 -8.113552e+00 -7.993198e+00 1.207401e-02 -2.175775e+00 -2.155292e+00 -3.071664e+00
3.447313e+00 -8.161645e+00 -8.041444e+00 -1.085393e-01 -2.178601e+00 -2.158272e+00 -3.072382e+00
3.448861e+00 -8.209638e+00 -8.089594e+00 -2.279271e-01 -2.181413e+00 -2.161235e+00 -3.073084e+00
3.450403e+00 -8.257531e+00 -8.137648e+00 -3.461166e-01 -2.184209e+00 -2.164182e+00 -3.073771e+00
3.451940e+00 -8.305325e+00 -8.185608e+00 -4.631342e-01 -2.186990e+00 -2.167113e+00 -3.074442e+00
3.453471e+00 -8.353020e+00 -8.233472e+00 -5.790055e-01 -2.189757e+00 -2.170027e+00 -3.075099e+00
3.454997e+00 -8.400616e+00 -8.281242e+00 -6.937550e-01 -2.192509e+00 -2.172926e+00 -3.075741e+00
3.456518e+00 -8.448113e+00 -8.328916e+00 -8.074067e-01 -2.195246e+00 -2.175809e+00 -3.076370e+00
3.458033e+00 -8.495512e+00 -8.376496e+00 -9.199836e-01 -2.197969e+00 -2.178676e+00 -3.076986e+00
3.459543e+00 -8.542813e+00 -8.423982e+00 -1.031508e+00 -2.200677e+00 -2.181527e+00 -3.077589e+00
3.461048e+00 -8.590015e+00 -8.471373e+00 -1.142002e+00 -2.203371e+00 -2.184363e+00 -3.078180e+00
3.462548e+00 -8.637120e+00 -8.518670e+00 -1.251486e+00 -2.206051e+00 -2.187183e+00 -3.078758e+00
3.464042e+00 -8.684128e+00 -8.565872e+00 -1.359980e+00 -2.208717e+00 -2.189988e+00 -3.079325e+00
3.465532e+00 -8.731038e+00 -8.612981e+00 -1.467505e+00 -2.211369e+00 -2.192778e+00 -3.079880e+00
3.467016e+00 -8.777851e+00 -8.659996e+00 -1.574080e+00 -2.214007e+00 -2.195553e+00 -3.080425e+00
3.468495e+00 -8.824567e+00 -8.706917e+00 -1.679722e+00 -2.216631e+00 -2.198313e+00 -3.080959e+00
3.469969e+00 -8.871186e+00 -8.753744e+00 -1.784450e+00 -2.219242e+00 -2.201058e+00 -3.081482e+00
3.471438e+00 -8.917710e+00 -8.800478e+00 -1.888282e+00 -2.221839e+00 -2.203788e+00 -3.081996e+00
3.472903e+00 -8.964137e+00 -8.847119e+00 -1.991233e+00 -2.224422e+00 -2.206504e+00 -3.082500e+00
3.474362e+00 -9.010468e+00 -8.893666e+00 -2.093322e+00 -2.226993e+00 -2.209205e+00 -3.082994e+00
3.475816e+00 -9.056703e+00 -8.940121e+00 -2.194564e+00 -2.229550e+00 -2.211892e+00 -3.083480e+00
3.477266e+00 -9.102843e+00 -8.986483e+00 -2.294974e+00 -2.232093e+00 -2.214564e+00 -3.083956e+00
3.478711e+00 -9.148888e+00 -9.032752e+00 -2.394568e+00 -2.234624e+00 -2.217222e+00 -3.084424e+00
3.480151e+00 -9.194838e+00 -9.078929e+00 -2.493359e+00 -2.237142e+00 -2.219866e+00 -3.084883e+00
3.481586e+00 -9.240694e+00 -9.125013e+00 -2.591364e+00 -2.239646e+00 -2.222496e+00 -3.085334e+00
3.483016e+00 -9.286455e+00 -9.171005e+00 -2.688595e+00 -2.242138e+00 -2.225112e+00 -3.085777e+00
3.484442e+00 -9.332122e+00 -9.216906e+00 -2.785065e+00 -2.244617e+00 -2.227715e+00 -3.086213e+00
3.485863e+00 -9.377694e+00 -9.262714e+00 -2.880789e+00 -2.247084e+00 -2.230303e+00 -3.086641e+00
3.487280e+00 -9.423173e+00 -9.308431e+00 -2.975779e+00 -2.249538e+00 -2.232878e+00 -3.087061e+00
3.488692e+00 -9.468559e+00 -9.354057e+00 -3.070047e+00 -2.251979e+00 -2.235440e+00 -3.087475e+00
3.490099e+00 -9.513852e+00 -9.399591e+00 -3.163606e+00 -2.254409e+00 -2.237988e+00 -3.087881e+00
3.491502e+00 -9.559051e+00 -9.445034e+00 -3.256467e+00 -2.256826e+00 -2.240523e+00 -3.088281e+00
3.492900e+00 -9.604158e+00 -9.490387e+00 -3.348643e+00 -2.259230e+00 -2.243044e+00 -3.088674e+00
3.494294e+00 -9.649172e+00 -9.535648e+00 -3.440143e+00 -2.261623e+00 -2.245553e+00 -3.089060e+00
3.495683e+00 -9.694094e+00 -9.580819e+00 -3.530980e+00 -2.264003e+00 -2.248048e+00 -3.089441e+00
3.497068e+00 -9.738924e+00 -9.625900e+00 -3.621164e+00 -2.266372e+00 -2.250531e+00 -3.089815e+00
3.498448e+00 -9.783663e+00 -9.670891e+00 -3.710705e+00 -2.268729e+00 -2.253001e+00 -3.090183e+00
3.499824e+00 -9.828310e+00 -9.715792e+00 -3.799613e+00 -2.271074e+00 -2.255458e+00 -3.090545e+00
3.501196e+00 -9.872865e+00 -9.760603e+00 -3.887900e+00 -2.273407e+00 -2.257902e+00 -3.090902e+00
3.502564e+00 -9.917330e+00 -9.805324e+00 -3.975573e+00 -2.275729e+00 -2.260334e+00 -3.091253e+00
3.503927e+00 -9.961704e+00 -9.849956e+00 -4.062643e+00 -2.278039e+00 -2.262753e+00 -3.091599e+00
3.505286e+00 -1.000599e+01 -9.894499e+00 -4.149119e+00 -2.280338e+00 -2.265160e+00 -3.091939e+00
3.506640e+00 -1.005018e+01 -9.938953e+00 -4.235009e+00 -2.282625e+00 -2.267554e+00 -3.092275e+00
3.507991e+00 -1.009428e+01 -9.983319e+00 -4.320324e+00 -2.284901e+00 -2.269937e+00 -3.092605e+00
3.509337e+00 -1.013830e+01 -1.002760e+01 -4.405071e+00 -2.287166e+00 -2.272307e+00 -3.092930e+00
3.510679e+00 -1.018222e+01 -1.007178e+01 -4.489258e+00 -2.289420e+00 -2.274665e+00 -3.093251e+00
3.512017e+00 -1.022606e+01 -1.011588e+01 -4.572894e+00 -2.291663e+00 -2.277011e+00 -3.093566e+00
3.513351e+00 -1.026980e+01 -1.015990e+01 -4.655988e+00 -2.293894e+00 -2.279346e+00 -3.093878e+00
3.514681e+00 -1.031346e+01 -1.020382e+01 -4.738546e+00 -2.296115e+00 -2.281668e+00 -3.094184e+00
3.516006e+00 -1.035703e+01 -1.024766e+01 -4.820577e+00 -2.298325e+00 -2.283979e+00 -3.094486e+00
3.517328e+00 -1.040051e+01 -1.029141e+01 -4.902088e+00 -2.300524e+00 -2.286278e+00 -3.094784e+00
3.518646e+00 -1.044390e+01 -1.033507e+01 -4.983086e+00 -2.302713e+00 -2.288566e+00 -3.095078e+00
3.519959e+00 -1.048721e+01 -1.037865e+01 -5.063579e+00 -2.304890e+00 -2.290842e+00 -3.095368e+00
3.521269e+00 -1.053042e+01 -1.042213e+01 -5.143573e+00 -2.307058e+00 -2.293107e+00 -3.095653e+00
3.522575e+00 -1.057355e+01 -1.046554e+01 -5.223076e+00 -2.309215e+00 -2.295361e+00 -3.095935e+00
3.523876e+00 -1.061660e+01 -1.050885e+01 -5.302094e+00 -2.311361e+00 -2.297603e+00 -3.096213e+00
3.525174e+00 -1.065955e+01 -1.055208e+01 -5.380633e+00 -2.313497e+00 -2.299834e+00 -3.096487e+00
3.526469e+00 -1.070242e+01 -1.059523e+01 -5.458701e+00 -2.315623e+00 -2.302054e+00 -3.096757e+00
3.527759e+00 -1.074521e+01 -1.063829e+01 -5.536304e+00 -2.317739e+00 -2.304263e+00 -3.097024e+00
3.529045e+00 -1.078790e+01 -1.068126e+01 -5.613447e+00 -2.319844e+00 -2.306462e+00 -3.097287e+00
3.530328e+00 -1.083051e+01 -1.072415e+01 -5.690138e+00 -2.321940e+00 -2.308649e+00 -3.097547e+00
3.531607e+00 -1.087304e+01 -1.076695e+01 -5.766380e+00 -2.324025e+00 -2.310826e+00 -3.097804e+00
3.532882e+00 -1.091548e+01 -1.080967e+01 -5.842182e+00 -2.326101e+00 -2.312992e+00 -3.098057e+00
3.534153e+00 -1.095784e+01 -1.085230e+01 -5.917548e+00 -2.328167e+00 -2.315147e+00 -3.098306e+00
3.535421e+00 -1.100011e+01 -1.089485e+01 -5.992483e+00 -2.330222e+00 -2.317292e+00 -3.098553e+00
3.536685e+00 -1.104230e+01 -1.093732e+01 -6.066994e+00 -2.332269e+00 -2.319426e+00 -3.098796e+00
3.537945e+00 -1.108440e+01 -1.097970e+01 -6.141086e+00 -2.334305e+00 -2.321550e+00 -3.099037e+00
3.539202e+00 -1.112642e+01 -1.102200e+01 -6.214764e+00 -2.336332e+00 -2.323663e+00 -3.099274e+00
3.540455e+00 -1.116835e+01 -1.106421e+01 -6.288033e+00 -2.338350e+00 -2.325767e+00 -3.099508e+00
3.541704e+00 -1.121020e+01 -1.110634e+01 -6.360898e+00 -2.340358e+00 -2.327860e+00 -3.099740e+00
3.542950e+00 -1.125197e+01 -1.114839e+01 -6.433364e+00 -2.342356e+00 -2.329943e+00 -3.099968e+00
3.544192e+00 -1.129366e+01 -1.119035e+01 -6.505436e+00 -2.344345e+00 -2.332016e+00 -3.100194e+00
3.545431e+00 -1.133526e+01 -1.123224e+01 -6.577119e+00 -2.346325e+00 -2.334079e+00 -3.100417e+00
3.546666e+00 -1.137678e+01 -1.127404e+01 -6.648418e+00 -2.348296e+00 -2.336132e+00 -3.100638e+00
3.547898e+00 -1.141822e+01 -1.131575e+01 -6.719337e+00 -2.350258e+00 -2.338175e+00 -3.100855e+00
3.549126e+00 -1.145957e+01 -1.135739e+01 -6.789880e+00 -2.352210e+00 -2.340209e+00 -3.101071e+00
3.550351e+00 -1.150085e+01 -1.139894e+01 -6.860052e+00 -2.354153e+00 -2.342232e+00 -3.101283e+00
3.551572e+00 -1.154204e+01 -1.144042e+01 -6.929858e+00 -2.356088e+00 -2.344246e+00 -3.101493e+00
3.552790e+00 -1.158315e+01 -1.148181e+01 -6.999302e+00 -2.358013e+00 -2.346251e+00 -3.101701e+00
3.554004e+00 -1.162418e+01 -1.152312e+01 -7.068387e+00 -2.359930e+00 -2.348246e+00 -3.101907e+00
3.555215e+00 -1.166513e+01 -1.156435e+01 -7.137118e+00 -2.361838e+00 -2.350231e+00 -3.102109e+00
3.556423e+00 -1.170600e+01 -1.160550e+01 -7.205500e+00 -2.363737e+00 -2.352208e+00 -3.102310e+00
3.557627e+00 -1.174678e+01 -1.164656e+01 -7.273535e+00 -2.365627e+00 -2.354174e+00 -3.102508e+00
3.558829e+00 -1.178749e+01 -1.168755e+01 -7.341229e+00 -2.367509e+00 -2.356132e+00 -3.102705e+00
3.560026e+00 -1.182812e+01 -1.172846e+01 -7.408584e+00 -2.369382e+00 -2.358080e+00 -3.102898e+00
3.561221e+00 -1.186867e+01 -1.176929e+01 -7.475605e+00 -2.371247e+00 -2.360019e+00 -3.103090e+00
3.562412e+00 -1.190914e+01 -1.181004e+01 -7.542295e+00 -2.373103e+00 -2.361950e+00 -3.103280e+00
3.563600e+00 -1.194953e+01 -1.185071e+01 -7.608658e+00 -2.374951e+00 -2.363871e+00 -3.103467e+00
3.564784e+00 -1.198984e+01 -1.189130e+01 -7.674697e+00 -2.376790e+00 -2.365783e+00 -3.103653e+00
3.565966e+00 -1.203007e+01 -1.193181e+01 -7.740416e+00 -2.378621e+00 -2.367686e+00 -3.103836e+00
3.567144e+00 -1.207022e+01 -1.197224e+01 -7.805819e+00 -2.380444e+00 -2.369580e+00 -3.104018e+00
3.568319e+00 -1.211030e+01 -1.201260e+01 -7.870909e+00 -2.382258e+00 -2.371466e+00 -3.104198e+00
3.569491e+00 -1.215030e+01 -1.205288e+01 -7.935689e+00 -2.384065e+00 -2.373343e+00 -3.104375e+00
3.570660e+00 -1.219022e+01 -1.209307e+01 -8.000162e+00 -2.385863e+00 -2.375211e+00 -3.104551e+00
3.571825e+00 -1.223006e+01 -1.213319e+01 -8.064332e+00 -2.387653e+00 -2.377070e+00 -3.104725e+00
3.572988e+00 -1.226983e+01 -1.217324e+01 -8.128202e+00 -2.389436e+00 -2.378921e+00 -3.104897e+00
3.574147e+00 -1.230951e+01 -1.221320e+01 -8.191775e+00 -2.391210e+00 -2.380764e+00 -3.105067e+00
3.575303e+00 -1.234913e+01 -1.225309e+01 -8.255054e+00 -2.392976e+00 -2.382598e+00 -3.105236e+00
3.576457e+00 -1.238866e+01 -1.229290e+01 -8.318043e+00 -2.394735e+00 -2.384423e+00 -3.105403e+00
3.577607e+00 -1.242812e+01 -1.233264e+01 -8.380743e+00 -2.396486e+00 -2.386241e+00 -3.105568e+00
3.578754e+00 -1.246750e+01 -1.237230e+01 -8.443159e+00 -2.398229e+00 -2.388050e+00 -3.105731e+00
3.579898e+00 -1.250681e+01 -1.241188e+01 -8.505292e+00 -2.399964e+00 -2.389850e+00 -3.105893e+00
3.581039e+00 -1.254604e+01 -1.245139e+01 -8.567146e+00 -2.401692e+00 -2.391643e+00 -3.106053e+00
3.582177e+00 -1.258520e+01 -1.249082e+01 -8.628724e+00 -2.403412e+00 -2.393427e+00 -3.106212e+00
3.583312e+00 -1.262428e+01 -1.253017e+01 -8.690028e+00 -2.405124e+00 -2.395204e+00 -3.106368e+00
3.584444e+00 -1.266328e+01 -1.256945e+01 -8.751061e+00 -2.406829e+00 -2.396972e+00 -3.106524e+00
3.585574e+00 -1.270221e+01 -1.260866e+01 -8.811826e+00 -2.408527e+00 -2.398733e+00 -3.106678e+00
3.586700e+00 -1.274107e+01 -1.264779e+01 -8.872325e+00 -2.410217e+00 -2.400485e+00 -3.106830e+00
3.587823e+00 -1.277985e+01 -1.268685e+01 -8.932561e+00 -2.411900e+00 -2.402230e+00 -3.106981e+00
3.588944e+00 -1.281856e+01 -1.272583e+01 -8.992537e+00 -2.413575e+00 -2.403966e+00 -3.107130e+00
3.590061e+00 -1.285720e+01 -1.276473e+01 -9.052254e+00 -2.415243e+00 -2.405695e+00 -3.107278e+00
3.591176e+00 -1.289576e+01 -1.280356e+01 -9.111716e+00 -2.416904e+00 -2.407417e+00 -3.107425e+00
3.592288e+00 -1.293424e+01 -1.284232e+01 -9.170925e+00 -2.418558e+00 -2.409130e+00 -3.107570e+00
3.593397e+00 -1.297266e+01 -1.288101e+01 -9.229883e+00 -2.420205e+00 -2.410836e+00 -3.107714e+00
3.594503e+00 -1.301100e+01 -1.291962e+01 -9.288593e+00 -2.421844e+00 -2.412535e+00 -3.107856e+00
3.595606e+00 -1.304927e+01 -1.295816e+01 -9.347057e+00 -2.423477e+00 -2.414226e+00 -3.107998e+00
3.596707e+00 -1.308747e+01 -1.299662e+01 -9.405277e+00 -2.425102e+00 -2.415909e+00 -3.108137e+00
3.597805e+00 -1.312559e+01 -1.303502e+01 -9.463255e+00 -2.426720e+00 -2.417585e+00 -3.108276e+00
3.598900e+00 -1.316364e+01 -1.307334e+01 -9.520995e+00 -2.428332e+00 -2.419254e+00 -3.108413e+00
3.599992e+00 -1.320162e+01 -1.311159e+01 -9.578497e+00 -2.429936e+00 -2.420915e+00 -3.108549e+00
3.601082e+00 -1.323953e+01 -1.314976e+01 -9.635765e+00 -2.431534e+00 -2.422569e+00 -3.108684e+00

