0.000000
0.020020
0.040040
0.060060
0.080080
0.100100
0.120120
0.140140
0.160160
0.180180
0.200200
0.220220
0.240240
0.260260
0.280280
0.300300
0.320320
0.340340
0.360360
0.380380
0.400400
0.420420
0.440440
0.460460
0.480480
0.500501
0.520521
0.540541
0.560561
0.580581
0.600601
0.620621
0.640641
0.660661
0.680681
0.700701
0.720721
0.740741
0.760761
0.780781
0.800801
0.820821
0.840841
0.860861
0.880881
0.900901
0.920921
0.940941
0.960961
0.980981
1.001001
1.021021
1.041041
1.061061
1.081081
1.101101
1.121121
1.141141
1.161161
1.181181
1.201201
1.221221
1.241241
1.261261
1.281281
1.301301
1.321321
1.341341
1.361361
1.381381
1.401401
1.421421
1.441441
1.461461
1.481481
1.501502
1.521522
1.541542
1.561562
1.581582
1.601602
1.621622
1.641642
1.661662
1.681682
1.701702
1.721722
1.741742
1.761762
1.781782
1.801802
1.821822
1.841842
1.861862
1.881882
1.901902
1.921922
1.941942
1.961962
1.981982
2.002002
2.022022
2.042042
2.062062
2.082082
2.102102
2.122122
2.142142
2.162162
2.182182
2.202202
2.222222
2.242242
2.262262
2.282282
2.302302
2.322322
2.342342
2.362362
2.382382
2.402402
2.422422
2.442442
2.462462
2.482482
2.502503
2.522523
2.542543
2.562563
2.582583
2.602603
2.622623
2.642643
2.662663
2.682683
2.702703
2.722723
2.742743
2.762763
2.782783
2.802803
2.822823
2.842843
2.862863
2.882883
2.902903
2.922923
2.942943
2.962963
2.982983
3.003003
3.023023
3.043043
3.063063
3.083083
3.103103
3.123123
3.143143
3.163163
3.183183
3.203203
3.223223
3.243243
3.263263
3.283283
3.303303
3.323323
3.343343
3.363363
3.383383
3.403403
3.423423
3.443443
3.463463
3.483483
3.503504
3.523524
3.543544
3.563564
3.583584
3.603604
3.623624
3.643644
3.663664
3.683684
3.703704
3.723724
3.743744
3.763764
3.783784
3.803804
3.823824
3.843844
3.863864
3.883884
3.903904
3.923924
3.943944
3.963964
3.983984
4.004004
4.024024
4.044044
4.064064
4.084084
4.104104
4.124124
4.144144
4.164164
4.184184
4.204204
4.224224
4.244244
4.264264
4.284284
4.304304
4.324324
4.344344
4.364364
4.384384
4.404404
4.424424
4.444444
4.464464
4.484484
4.504505
4.524525
4.544545
4.564565
4.584585
4.604605
4.624625
4.644645
4.664665
4.684685
4.704705
4.724725
4.744745
4.764765
4.784785
4.804805
4.824825
4.844845
4.864865
4.884885
4.904905
4.924925
4.944945
4.964965
4.984985
5.005005
5.025025
5.045045
5.065065
5.085085
5.105105
5.125125
5.145145
5.165165
5.185185
5.205205
5.225225
5.245245
5.265265
5.285285
5.305305
5.325325
5.345345
5.365365
5.385385
5.405405
5.425425
5.445445
5.465465
5.485485
5.505506
5.525526
5.545546
5.565566
5.585586
5.605606
5.625626
5.645646
5.665666
5.685686
5.705706
5.725726
5.745746
5.765766
5.785786
5.805806
5.825826
5.845846
5.865866
5.885886
5.905906
5.925926
5.945946
5.965966
5.985986
6.006006
6.026026
6.046046
6.066066
6.086086
6.106106
6.126126
6.146146
6.166166
6.186186
6.206206
6.226226
6.246246
6.266266
6.286286
6.306306
6.326326
6.346346
6.366366
6.386386
6.406406
6.426426
6.446446
6.466466
6.486486
6.506507
6.526527
6.546547
6.566567
6.586587
6.606607
6.626627
6.646647
6.666667
6.686687
6.706707
6.726727
6.746747
6.766767
6.786787
6.806807
6.826827
6.846847
6.866867
6.886887
6.906907
6.926927
6.946947
6.966967
6.986987
7.007007
7.027027
7.047047
7.067067
7.087087
7.107107
7.127127
7.147147
7.167167
7.187187
7.207207
7.227227
7.247247
7.267267
7.287287
7.307307
7.327327
7.347347
7.367367
7.387387
7.407407
7.427427
7.447447
7.467467
7.487487
7.507508
7.527528
7.547548
7.567568
7.587588
7.607608
7.627628
7.647648
7.667668
7.687688
7.707708
7.727728
7.747748
7.767768
7.787788
7.807808
7.827828
7.847848
7.867868
7.887888
7.907908
7.927928
7.947948
7.967968
7.987988
8.008008
8.028028
8.048048
8.068068
8.088088
8.108108
8.128128
8.148148
8.168168
8.188188
8.208208
8.228228
8.248248
8.268268
8.288288
8.308308
8.328328
8.348348
8.368368
8.388388
8.408408
8.428428
8.448448
8.468468
8.488488
8.508509
8.528529
8.548549
8.568569
8.588589
8.608609
8.628629
8.648649
8.668669
8.688689
8.708709
8.728729
8.748749
8.768769
8.788789
8.808809
8.828829
8.848849
8.868869
8.888889
8.908909
8.928929
8.948949
8.968969
8.988989
9.009009
9.029029
9.049049
9.069069
9.089089
9.109109
9.129129
9.149149
9.169169
9.189189
9.209209
9.229229
9.249249
9.269269
9.289289
9.309309
9.329329
9.349349
9.369369
9.389389
9.409409
9.429429
9.449449
9.469469
9.489489
9.509510
9.529530
9.549550
9.569570
9.589590
9.609610
9.629630
9.649650
9.669670
9.689690
9.709710
9.729730
9.749750
9.769770
9.789790
9.809810
9.829830
9.849850
9.869870
9.889890
9.909910
9.929930
9.949950
9.969970
9.989990
10.010010
10.030030
10.050050
10.070070
10.090090
10.110110
10.130130
10.150150
10.170170
10.190190
10.210210
10.230230
10.250250
10.270270
10.290290
10.310310
10.330330
10.350350
10.370370
10.390390
10.410410
10.430430
10.450450
10.470470
10.490490
10.510511
10.530531
10.550551
10.570571
10.590591
10.610611
10.630631
10.650651
10.670671
10.690691
10.710711
10.730731
10.750751
10.770771
10.790791
10.810811
10.830831
10.850851
10.870871
10.890891
10.910911
10.930931
10.950951
10.970971
10.990991
11.011011
11.031031
11.051051
11.071071
11.091091
11.111111
11.131131
11.151151
11.171171
11.191191
11.211211
11.231231
11.251251
11.271271
11.291291
11.311311
11.331331
11.351351
11.371371
11.391391
11.411411
11.431431
11.451451
11.471471
11.491491
11.511512
11.531532
11.551552
11.571572
11.591592
11.611612
11.631632
11.651652
11.671672
11.691692
11.711712
11.731732
11.751752
11.771772
11.791792
11.811812
11.831832
11.851852
11.871872
11.891892
11.911912
11.931932
11.951952
11.971972
11.991992
12.012012
12.032032
12.052052
12.072072
12.092092
12.112112
12.132132
12.152152
12.172172
12.192192
12.212212
12.232232
12.252252
12.272272
12.292292
12.312312
12.332332
12.352352
12.372372
12.392392
12.412412
12.432432
12.452452
12.472472
12.492492
12.512513
12.532533
12.552553
12.572573
12.592593
12.612613
12.632633
12.652653
12.672673
12.692693
12.712713
12.732733
12.752753
12.772773
12.792793
12.812813
12.832833
12.852853
12.872873
12.892893
12.912913
12.932933
12.952953
12.972973
12.992993
13.013013
13.033033
13.053053
13.073073
13.093093
13.113113
13.133133
13.153153
13.173173
13.193193
13.213213
13.233233
13.253253
13.273273
13.293293
13.313313
13.333333
13.353353
13.373373
13.393393
13.413413
13.433433
13.453453
13.473473
13.493493
13.513514
13.533534
13.553554
13.573574
13.593594
13.613614
13.633634
13.653654
13.673674
13.693694
13.713714
13.733734
13.753754
13.773774
13.793794
13.813814
13.833834
13.853854
13.873874
13.893894
13.913914
13.933934
13.953954
13.973974
13.993994
14.014014
14.034034
14.054054
14.074074
14.094094
14.114114
14.134134
14.154154
14.174174
14.194194
14.214214
14.234234
14.254254
14.274274
14.294294
14.314314
14.334334
14.354354
14.374374
14.394394
14.414414
14.434434
14.454454
14.474474
14.494494
14.514515
14.534535
14.554555
14.574575
14.594595
14.614615
14.634635
14.654655
14.674675
14.694695
14.714715
14.734735
14.754755
14.774775
14.794795
14.814815
14.834835
14.854855
14.874875
14.894895
14.914915
14.934935
14.954955
14.974975
14.994995
15.015015
15.035035
15.055055
15.075075
15.095095
15.115115
15.135135
15.155155
15.175175
15.195195
15.215215
15.235235
15.255255
15.275275
15.295295
15.315315
15.335335
15.355355
15.375375
15.395395
15.415415
15.435435
15.455455
15.475475
15.495495
15.515516
15.535536
15.555556
15.575576
15.595596
15.615616
15.635636
15.655656
15.675676
15.695696
15.715716
15.735736
15.755756
15.775776
15.795796
15.815816
15.835836
15.855856
15.875876
15.895896
15.915916
15.935936
15.955956
15.975976
15.995996
16.016016
16.036036
16.056056
16.076076
16.096096
16.116116
16.136136
16.156156
16.176176
16.196196
16.216216
16.236236
16.256256
16.276276
16.296296
16.316316
16.336336
16.356356
16.376376
16.396396
16.416416
16.436436
16.456456
16.476476
16.496496
16.516517
16.536537
16.556557
16.576577
16.596597
16.616617
16.636637
16.656657
16.676677
16.696697
16.716717
16.736737
16.756757
16.776777
16.796797
16.816817
16.836837
16.856857
16.876877
16.896897
16.916917
16.936937
16.956957
16.976977
16.996997
17.017017
17.037037
17.057057
17.077077
17.097097
17.117117
17.137137
17.157157
17.177177
17.197197
17.217217
17.237237
17.257257
17.277277
17.297297
17.317317
17.337337
17.357357
17.377377
17.397397
17.417417
17.437437
17.457457
17.477477
17.497497
17.517518
17.537538
17.557558
17.577578
17.597598
17.617618
17.637638
17.657658
17.677678
17.697698
17.717718
17.737738
17.757758
17.777778
17.797798
17.817818
17.837838
17.857858
17.877878
17.897898
17.917918
17.937938
17.957958
17.977978
17.997998
18.018018
18.038038
18.058058
18.078078
18.098098
18.118118
18.138138
18.158158
18.178178
18.198198
18.218218
18.238238
18.258258
18.278278
18.298298
18.318318
18.338338
18.358358
18.378378
18.398398
18.418418
18.438438
18.458458
18.478478
18.498498
18.518519
18.538539
18.558559
18.578579
18.598599
18.618619
18.638639
18.658659
18.678679
18.698699
18.718719
18.738739
18.758759
18.778779
18.798799
18.818819
18.838839
18.858859
18.878879
18.898899
18.918919
18.938939
18.958959
18.978979
18.998999
19.019019
19.039039
19.059059
19.079079
19.099099
19.119119
19.139139
19.159159
19.179179
19.199199
19.219219
19.239239
19.259259
19.279279
19.299299
19.319319
19.339339
19.359359
19.379379
19.399399
19.419419
19.439439
19.459459
19.479479
19.499499
19.519520
19.539540
19.559560
19.579580
19.599600
19.619620
19.639640
19.659660
19.679680
19.699700
19.719720
19.739740
19.759760
19.779780
19.799800
19.819820
19.839840
19.859860
19.879880
19.899900
19.919920
19.939940
19.959960
19.979980
20.000000
