0.000000 5.000000
0.010010 4.994555
0.020020 4.978976
0.030030 4.955281
0.040040 4.926150
0.050050 4.894272
0.060060 4.861886
0.070070 4.830599
0.080080 4.801399
0.090090 4.774784
0.100100 4.750906
0.110110 4.729702
0.120120 4.710991
0.130130 4.694535
0.140140 4.680081
0.150150 4.667384
0.160160 4.656217
0.170170 4.646377
0.180180 4.637687
0.190190 4.629992
0.200200 4.623159
0.210210 4.617073
0.220220 4.611636
0.230230 4.606766
0.240240 4.602390
0.250250 4.598446
0.260260 4.594883
0.270270 4.591655
0.280280 4.588722
0.290290 4.586052
0.300300 4.583614
0.310310 4.581383
0.320320 4.579337
0.330330 4.577457
0.340340 4.575726
0.350350 4.574129
0.360360 4.572652
0.370370 4.571284
0.380380 4.570015
0.390390 4.568835
0.400400 4.567738
0.410410 4.566714
0.420420 4.565758
0.430430 4.564865
0.440440 4.564028
0.450450 4.563244
0.460460 4.562508
0.470470 4.561815
0.480480 4.561164
0.490490 4.560551
0.500501 4.559972
0.510511 4.559425
0.520521 4.558909
0.530531 4.558420
0.540541 4.557958
0.550551 4.557519
0.560561 4.557103
0.570571 4.556708
0.580581 4.556332
0.590591 4.555975
0.600601 4.555635
0.610611 4.555311
0.620621 4.555003
0.630631 4.554708
0.640641 4.554427
0.650651 4.554158
0.660661 4.553901
0.670671 4.553656
0.680681 4.553420
0.690691 4.553195
0.700701 4.552979
0.710711 4.552772
0.720721 4.552573
0.730731 4.552383
0.740741 4.552199
0.750751 4.552023
0.760761 4.551854
0.770771 4.551691
0.780781 4.551534
0.790791 4.551383
0.800801 4.551238
0.810811 4.551098
0.820821 4.550963
0.830831 4.550832
0.840841 4.550706
0.850851 4.550585
0.860861 4.550468
0.870871 4.550354
0.880881 4.550245
0.890891 4.550139
0.900901 4.550036
0.910911 4.549937
0.920921 4.549841
0.930931 4.549748
0.940941 4.549658
0.950951 4.549571
0.960961 4.549486
0.970971 4.549404
0.980981 4.549325
0.990991 4.549248
1.001001 4.549173
1.011011 4.549100
1.021021 4.549030
1.031031 4.548961
1.041041 4.548895
1.051051 4.548830
1.061061 4.548767
1.071071 4.548706
1.081081 4.548646
1.091091 4.548588
1.101101 4.548532
1.111111 4.548477
1.121121 4.548424
1.131131 4.548372
1.141141 4.548321
1.151151 4.548272
1.161161 4.548224
1.171171 4.548177
1.181181 4.548131
1.191191 4.548087
1.201201 4.548043
1.211211 4.548001
1.221221 4.547960
1.231231 4.547919
1.241241 4.547880
1.251251 4.547841
1.261261 4.547804
1.271271 4.547767
1.281281 4.547731
1.291291 4.547696
1.301301 4.547662
1.311311 4.547629
1.321321 4.547596
1.331331 4.547564
1.341341 4.547533
1.351351 4.547502
1.361361 4.547473
1.371371 4.547443
1.381381 4.547415
1.391391 4.547387
1.401401 4.547359
1.411411 4.547333
1.421421 4.547306
1.431431 4.547281
1.441441 4.547255
1.451451 4.547231
1.461461 4.547207
1.471471 4.547183
1.481481 4.547160
1.491491 4.547137
1.501502 4.547115
1.511512 4.547093
1.521522 4.547071
1.531532 4.547050
1.541542 4.547030
1.551552 4.547010
1.561562 4.546990
1.571572 4.546970
1.581582 4.546951
1.591592 4.546933
1.601602 4.546914
1.611612 4.546896
1.621622 4.546879
1.631632 4.546861
1.641642 4.546844
1.651652 4.546827
1.661662 4.546811
1.671672 4.546795
1.681682 4.546779
1.691692 4.546763
1.701702 4.546748
1.711712 4.546733
1.721722 4.546718
1.731732 4.546704
1.741742 4.546689
1.751752 4.546675
1.761762 4.546662
1.771772 4.546648
1.781782 4.546635
1.791792 4.546622
1.801802 4.546609
1.811812 4.546596
1.821822 4.546584
1.831832 4.546571
1.841842 4.546559
1.851852 4.546547
1.861862 4.546536
1.871872 4.546524
1.881882 4.546513
1.891892 4.546502
1.901902 4.546491
1.911912 4.546480
1.921922 4.546469
1.931932 4.546459
1.941942 4.546449
1.951952 4.546438
1.961962 4.546428
1.971972 4.546419
1.981982 4.546409
1.991992 4.546399
2.002002 4.546390
2.012012 4.546381
2.022022 4.546371
2.032032 4.546362
2.042042 4.546354
2.052052 4.546345
2.062062 4.546336
2.072072 4.546328
2.082082 4.546319
2.092092 4.546311
2.102102 4.546303
2.112112 4.546295
2.122122 4.546287
2.132132 4.546279
2.142142 4.546272
2.152152 4.546264
2.162162 4.546257
2.172172 4.546249
2.182182 4.546242
2.192192 4.546235
2.202202 4.546228
2.212212 4.546221
2.222222 4.546214
2.232232 4.546207
2.242242 4.546201
2.252252 4.546194
2.262262 4.546187
2.272272 4.546181
2.282282 4.546175
2.292292 4.546168
2.302302 4.546162
2.312312 4.546156
2.322322 4.546150
2.332332 4.546144
2.342342 4.546138
2.352352 4.546132
2.362362 4.546127
2.372372 4.546121
2.382382 4.546115
2.392392 4.546110
2.402402 4.546104
2.412412 4.546099
2.422422 4.546094
2.432432 4.546089
2.442442 4.546083
2.452452 4.546078
2.462462 4.546073
2.472472 4.546068
2.482482 4.546063
2.492492 4.546058
2.502503 4.546054
2.512513 4.546049
2.522523 4.546044
2.532533 4.546040
2.542543 4.546035
2.552553 4.546030
2.562563 4.546026
2.572573 4.546021
2.582583 4.546017
2.592593 4.546013
2.602603 4.546008
2.612613 4.546004
2.622623 4.546000
2.632633 4.545996
2.642643 4.545992
2.652653 4.545988
2.662663 4.545984
2.672673 4.545980
2.682683 4.545976
2.692693 4.545972
2.702703 4.545968
2.712713 4.545964
2.722723 4.545961
2.732733 4.545957
2.742743 4.545953
2.752753 4.545950
2.762763 4.545946
2.772773 4.545943
2.782783 4.545939
2.792793 4.545936
2.802803 4.545932
2.812813 4.545929
2.822823 4.545925
2.832833 4.545922
2.842843 4.545919
2.852853 4.545916
2.862863 4.545912
2.872873 4.545909
2.882883 4.545906
2.892893 4.545903
2.902903 4.545900
2.912913 4.545897
2.922923 4.545894
2.932933 4.545891
2.942943 4.545888
2.952953 4.545885
2.962963 4.545882
2.972973 4.545879
2.982983 4.545876
2.992993 4.545874
3.003003 4.545871
3.013013 4.545868
3.023023 4.545865
3.033033 4.545863
3.043043 4.545860
3.053053 4.545857
3.063063 4.545855
3.073073 4.545852
3.083083 4.545849
3.093093 4.545847
3.103103 4.545844
3.113113 4.545842
3.123123 4.545839
3.133133 4.545837
3.143143 4.545834
3.153153 4.545832
3.163163 4.545830
3.173173 4.545827
3.183183 4.545825
3.193193 4.545823
3.203203 4.545820
3.213213 4.545818
3.223223 4.545816
3.233233 4.545814
3.243243 4.545811
3.253253 4.545809
3.263263 4.545807
3.273273 4.545805
3.283283 4.545803
3.293293 4.545801
3.303303 4.545799
3.313313 4.545796
3.323323 4.545794
3.333333 4.545792
3.343343 4.545790
3.353353 4.545788
3.363363 4.545786
3.373373 4.545784
3.383383 4.545782
3.393393 4.545781
3.403403 4.545779
3.413413 4.545777
3.423423 4.545775
3.433433 4.545773
3.443443 4.545771
3.453453 4.545769
3.463463 4.545767
3.473473 4.545766
3.483483 4.545764
3.493493 4.545762
3.503504 4.545760
3.513514 4.545759
3.523524 4.545757
3.533534 4.545755
3.543544 4.545754
3.553554 4.545752
3.563564 4.545750
3.573574 4.545749
3.583584 4.545747
3.593594 4.545745
3.603604 4.545744
3.613614 4.545742
3.623624 4.545740
3.633634 4.545739
3.643644 4.545737
3.653654 4.545736
3.663664 4.545734
3.673674 4.545733
3.683684 4.545731
3.693694 4.545730
3.703704 4.545728
3.713714 4.545727
3.723724 4.545725
3.733734 4.545724
3.743744 4.545722
3.753754 4.545721
3.763764 4.545720
3.773774 4.545718
3.783784 4.545717
3.793794 4.545715
3.803804 4.545714
3.813814 4.545713
3.823824 4.545711
3.833834 4.545710
3.843844 4.545709
3.853854 4.545707
3.863864 4.545706
3.873874 4.545705
3.883884 4.545703
3.893894 4.545702
3.903904 4.545701
3.913914 4.545700
3.923924 4.545698
3.933934 4.545697
3.943944 4.545696
3.953954 4.545695
3.963964 4.545693
3.973974 4.545692
3.983984 4.545691
3.993994 4.545690
4.004004 4.545689
4.014014 4.545688
4.024024 4.545686
4.034034 4.545685
4.044044 4.545684
4.054054 4.545683
4.064064 4.545682
4.074074 4.545681
4.084084 4.545680
4.094094 4.545679
4.104104 4.545677
4.114114 4.545676
4.124124 4.545675
4.134134 4.545674
4.144144 4.545673
4.154154 4.545672
4.164164 4.545671
4.174174 4.545670
4.184184 4.545669
4.194194 4.545668
4.204204 4.545667
4.214214 4.545666
4.224224 4.545665
4.234234 4.545664
4.244244 4.545663
4.254254 4.545662
4.264264 4.545661
4.274274 4.545660
4.284284 4.545659
4.294294 4.545658
4.304304 4.545657
4.314314 4.545656
4.324324 4.545655
4.334334 4.545654
4.344344 4.545653
4.354354 4.545653
4.364364 4.545652
4.374374 4.545651
4.384384 4.545650
4.394394 4.545649
4.404404 4.545648
4.414414 4.545647
4.424424 4.545646
4.434434 4.545646
4.444444 4.545645
4.454454 4.545644
4.464464 4.545643
4.474474 4.545642
4.484484 4.545641
4.494494 4.545640
4.504505 4.545640
4.514515 4.545639
4.524525 4.545638
4.534535 4.545637
4.544545 4.545636
4.554555 4.545636
4.564565 4.545635
4.574575 4.545634
4.584585 4.545633
4.594595 4.545632
4.604605 4.545632
4.614615 4.545631
4.624625 4.545630
4.634635 4.545629
4.644645 4.545629
4.654655 4.545628
4.664665 4.545627
4.674675 4.545626
4.684685 4.545626
4.694695 4.545625
4.704705 4.545624
4.714715 4.545623
4.724725 4.545623
4.734735 4.545622
4.744745 4.545621
4.754755 4.545621
4.764765 4.545620
4.774775 4.545619
4.784785 4.545619
4.794795 4.545618
4.804805 4.545617
4.814815 4.545617
4.824825 4.545616
4.834835 4.545615
4.844845 4.545615
4.854855 4.545614
4.864865 4.545613
4.874875 4.545613
4.884885 4.545612
4.894895 4.545611
4.904905 4.545611
4.914915 4.545610
4.924925 4.545609
4.934935 4.545609
4.944945 4.545608
4.954955 4.545608
4.964965 4.545607
4.974975 4.545606
4.984985 4.545606
4.994995 4.545605
5.005005 4.545604
5.015015 4.545604
5.025025 4.545603
5.035035 4.545603
5.045045 4.545602
5.055055 4.545602
5.065065 4.545601
5.075075 4.545600
5.085085 4.545600
5.095095 4.545599
5.105105 4.545599
5.115115 4.545598
5.125125 4.545598
5.135135 4.545597
5.145145 4.545596
5.155155 4.545596
5.165165 4.545595
5.175175 4.545595
5.185185 4.545594
5.195195 4.545594
5.205205 4.545593
5.215215 4.545593
5.225225 4.545592
5.235235 4.545592
5.245245 4.545591
5.255255 4.545591
5.265265 4.545590
5.275275 4.545589
5.285285 4.545589
5.295295 4.545588
5.305305 4.545588
5.315315 4.545587
5.325325 4.545587
5.335335 4.545586
5.345345 4.545586
5.355355 4.545585
5.365365 4.545585
5.375375 4.545585
5.385385 4.545584
5.395395 4.545584
5.405405 4.545583
5.415415 4.545583
5.425425 4.545582
5.435435 4.545582
5.445445 4.545581
5.455455 4.545581
5.465465 4.545580
5.475475 4.545580
5.485485 4.545579
5.495495 4.545579
5.505506 4.545578
5.515516 4.545578
5.525526 4.545578
5.535536 4.545577
5.545546 4.545577
5.555556 4.545576
5.565566 4.545576
5.575576 4.545575
5.585586 4.545575
5.595596 4.545574
5.605606 4.545574
5.615616 4.545574
5.625626 4.545573
5.635636 4.545573
5.645646 4.545572
5.655656 4.545572
5.665666 4.545572
5.675676 4.545571
5.685686 4.545571
5.695696 4.545570
5.705706 4.545570
5.715716 4.545570
5.725726 4.545569
5.735736 4.545569
5.745746 4.545568
5.755756 4.545568
5.765766 4.545568
5.775776 4.545567
5.785786 4.545567
5.795796 4.545566
5.805806 4.545566
5.815816 4.545566
5.825826 4.545565
5.835836 4.545565
5.845846 4.545564
5.855856 4.545564
5.865866 4.545564
5.875876 4.545563
5.885886 4.545563
5.895896 4.545563
5.905906 4.545562
5.915916 4.545562
5.925926 4.545561
5.935936 4.545561
5.945946 4.545561
5.955956 4.545560
5.965966 4.545560
5.975976 4.545560
5.985986 4.545559
5.995996 4.545559
6.006006 4.545559
6.016016 4.545558
6.026026 4.545558
6.036036 4.545558
6.046046 4.545557
6.056056 4.545557
6.066066 4.545557
6.076076 4.545556
6.086086 4.545556
6.096096 4.545556
6.106106 4.545555
6.116116 4.545555
6.126126 4.545555
6.136136 4.545554
6.146146 4.545554
6.156156 4.545554
6.166166 4.545553
6.176176 4.545553
6.186186 4.545553
6.196196 4.545552
6.206206 4.545552
6.216216 4.545552
6.226226 4.545551
6.236236 4.545551
6.246246 4.545551
6.256256 4.545551
6.266266 4.545550
6.276276 4.545550
6.286286 4.545550
6.296296 4.545549
6.306306 4.545549
6.316316 4.545549
6.326326 4.545548
6.336336 4.545548
6.346346 4.545548
6.356356 4.545548
6.366366 4.545547
6.376376 4.545547
6.386386 4.545547
6.396396 4.545546
6.406406 4.545546
6.416416 4.545546
6.426426 4.545545
6.436436 4.545545
6.446446 4.545545
6.456456 4.545545
6.466466 4.545544
6.476476 4.545544
6.486486 4.545544
6.496496 4.545544
6.506507 4.545543
6.516517 4.545543
6.526527 4.545543
6.536537 4.545542
6.546547 4.545542
6.556557 4.545542
6.566567 4.545542
6.576577 4.545541
6.586587 4.545541
6.596597 4.545541
6.606607 4.545541
6.616617 4.545540
6.626627 4.545540
6.636637 4.545540
6.646647 4.545540
6.656657 4.545539
6.666667 4.545539
6.676677 4.545539
6.686687 4.545539
6.696697 4.545538
6.706707 4.545538
6.716717 4.545538
6.726727 4.545538
6.736737 4.545537
6.746747 4.545537
6.756757 4.545537
6.766767 4.545537
6.776777 4.545536
6.786787 4.545536
6.796797 4.545536
6.806807 4.545536
6.816817 4.545535
6.826827 4.545535
6.836837 4.545535
6.846847 4.545535
6.856857 4.545534
6.866867 4.545534
6.876877 4.545534
6.886887 4.545534
6.896897 4.545534
6.906907 4.545533
6.916917 4.545533
6.926927 4.545533
6.936937 4.545533
6.946947 4.545532
6.956957 4.545532
6.966967 4.545532
6.976977 4.545532
6.986987 4.545531
6.996997 4.545531
7.007007 4.545531
7.017017 4.545531
7.027027 4.545531
7.037037 4.545530
7.047047 4.545530
7.057057 4.545530
7.067067 4.545530
7.077077 4.545530
7.087087 4.545529
7.097097 4.545529
7.107107 4.545529
7.117117 4.545529
7.127127 4.545528
7.137137 4.545528
7.147147 4.545528
7.157157 4.545528
7.167167 4.545528
7.177177 4.545527
7.187187 4.545527
7.197197 4.545527
7.207207 4.545527
7.217217 4.545527
7.227227 4.545526
7.237237 4.545526
7.247247 4.545526
7.257257 4.545526
7.267267 4.545526
7.277277 4.545525
7.287287 4.545525
7.297297 4.545525
7.307307 4.545525
7.317317 4.545525
7.327327 4.545525
7.337337 4.545524
7.347347 4.545524
7.357357 4.545524
7.367367 4.545524
7.377377 4.545524
7.387387 4.545523
7.397397 4.545523
7.407407 4.545523
7.417417 4.545523
7.427427 4.545523
7.437437 4.545522
7.447447 4.545522
7.457457 4.545522
7.467467 4.545522
7.477477 4.545522
7.487487 4.545522
7.497497 4.545521
7.507508 4.545521
7.517518 4.545521
7.527528 4.545521
7.537538 4.545521
7.547548 4.545520
7.557558 4.545520
7.567568 4.545520
7.577578 4.545520
7.587588 4.545520
7.597598 4.545520
7.607608 4.545519
7.617618 4.545519
7.627628 4.545519
7.637638 4.545519
7.647648 4.545519
7.657658 4.545519
7.667668 4.545518
7.677678 4.545518
7.687688 4.545518
7.697698 4.545518
7.707708 4.545518
7.717718 4.545518
7.727728 4.545517
7.737738 4.545517
7.747748 4.545517
7.757758 4.545517
7.767768 4.545517
7.777778 4.545517
7.787788 4.545516
7.797798 4.545516
7.807808 4.545516
7.817818 4.545516
7.827828 4.545516
7.837838 4.545516
7.847848 4.545516
7.857858 4.545515
7.867868 4.545515
7.877878 4.545515
7.887888 4.545515
7.897898 4.545515
7.907908 4.545515
7.917918 4.545514
7.927928 4.545514
7.937938 4.545514
7.947948 4.545514
7.957958 4.545514
7.967968 4.545514
7.977978 4.545514
7.987988 4.545513
7.997998 4.545513
8.008008 4.545513
8.018018 4.545513
8.028028 4.545513
8.038038 4.545513
8.048048 4.545513
8.058058 4.545512
8.068068 4.545512
8.078078 4.545512
8.088088 4.545512
8.098098 4.545512
8.108108 4.545512
8.118118 4.545512
8.128128 4.545511
8.138138 4.545511
8.148148 4.545511
8.158158 4.545511
8.168168 4.545511
8.178178 4.545511
8.188188 4.545511
8.198198 4.545510
8.208208 4.545510
8.218218 4.545510
8.228228 4.545510
8.238238 4.545510
8.248248 4.545510
8.258258 4.545510
8.268268 4.545509
8.278278 4.545509
8.288288 4.545509
8.298298 4.545509
8.308308 4.545509
8.318318 4.545509
8.328328 4.545509
8.338338 4.545509
8.348348 4.545508
8.358358 4.545508
8.368368 4.545508
8.378378 4.545508
8.388388 4.545508
8.398398 4.545508
8.408408 4.545508
8.418418 4.545508
8.428428 4.545507
8.438438 4.545507
8.448448 4.545507
8.458458 4.545507
8.468468 4.545507
8.478478 4.545507
8.488488 4.545507
8.498498 4.545507
8.508509 4.545506
8.518519 4.545506
8.528529 4.545506
8.538539 4.545506
8.548549 4.545506
8.558559 4.545506
8.568569 4.545506
8.578579 4.545506
8.588589 4.545505
8.598599 4.545505
8.608609 4.545505
8.618619 4.545505
8.628629 4.545505
8.638639 4.545505
8.648649 4.545505
8.658659 4.545505
8.668669 4.545505
8.678679 4.545504
8.688689 4.545504
8.698699 4.545504
8.708709 4.545504
8.718719 4.545504
8.728729 4.545504
8.738739 4.545504
8.748749 4.545504
8.758759 4.545504
8.768769 4.545503
8.778779 4.545503
8.788789 4.545503
8.798799 4.545503
8.808809 4.545503
8.818819 4.545503
8.828829 4.545503
8.838839 4.545503
8.848849 4.545503
8.858859 4.545502
8.868869 4.545502
8.878879 4.545502
8.888889 4.545502
8.898899 4.545502
8.908909 4.545502
8.918919 4.545502
8.928929 4.545502
8.938939 4.545502
8.948949 4.545501
8.958959 4.545501
8.968969 4.545501
8.978979 4.545501
8.988989 4.545501
8.998999 4.545501
9.009009 4.545501
9.019019 4.545501
9.029029 4.545501
9.039039 4.545501
9.049049 4.545500
9.059059 4.545500
9.069069 4.545500
9.079079 4.545500
9.089089 4.545500
9.099099 4.545500
9.109109 4.545500
9.119119 4.545500
9.129129 4.545500
9.139139 4.545500
9.149149 4.545499
9.159159 4.545499
9.169169 4.545499
9.179179 4.545499
9.189189 4.545499
9.199199 4.545499
9.209209 4.545499
9.219219 4.545499
9.229229 4.545499
9.239239 4.545499
9.249249 4.545498
9.259259 4.545498
9.269269 4.545498
9.279279 4.545498
9.289289 4.545498
9.299299 4.545498
9.309309 4.545498
9.319319 4.545498
9.329329 4.545498
9.339339 4.545498
9.349349 4.545498
9.359359 4.545497
9.369369 4.545497
9.379379 4.545497
9.389389 4.545497
9.399399 4.545497
9.409409 4.545497
9.419419 4.545497
9.429429 4.545497
9.439439 4.545497
9.449449 4.545497
9.459459 4.545497
9.469469 4.545496
9.479479 4.545496
9.489489 4.545496
9.499499 4.545496
9.509510 4.545496
9.519520 4.545496
9.529530 4.545496
9.539540 4.545496
9.549550 4.545496
9.559560 4.545496
9.569570 4.545496
9.579580 4.545495
9.589590 4.545495
9.599600 4.545495
9.609610 4.545495
9.619620 4.545495
9.629630 4.545495
9.639640 4.545495
9.649650 4.545495
9.659660 4.545495
9.669670 4.545495
9.679680 4.545495
9.689690 4.545495
9.699700 4.545494
9.709710 4.545494
9.719720 4.545494
9.729730 4.545494
9.739740 4.545494
9.749750 4.545494
9.759760 4.545494
9.769770 4.545494
9.779780 4.545494
9.789790 4.545494
9.799800 4.545494
9.809810 4.545494
9.819820 4.545493
9.829830 4.545493
9.839840 4.545493
9.849850 4.545493
9.859860 4.545493
9.869870 4.545493
9.879880 4.545493
9.889890 4.545493
9.899900 4.545493
9.909910 4.545493
9.919920 4.545493
9.929930 4.545493
9.939940 4.545493
9.949950 4.545492
9.959960 4.545492
9.969970 4.545492
9.979980 4.545492
9.989990 4.545492
10.000000 4.545492
